-957569699
17584966
-1046549793
1456166550
350604796
1533484132
-551567698
1256419610
-61697477
1656941585
-633328386
1270727929
1782700773
-1653675859
1136254964
1690358334
1643333689
596160028
-702143100
682112588
-1302793869
-235760554
977295249
1499418842
346990522
-831734755
-1290300970
639644781
-787314458
604031443
-864570236
-1774996832
-7109214
1394138287
-423820005
1053946662
1182638416
158284668
-387048224
1664483663
560499905
-296792232
525901300
1270377245
1908469477
-737626968
1819316223
575720109
1603906936
1772549916
-956726081
-1757090390
-476397823
956434793
736808078
183579393
1125806710
1687521679
-1444303529
1861573516
626859292
1445444518
-488740502
441581817
-1135189419
627052013
-1265156629
-113413544
1743236993
-939494940
-704058669
-1998201191
-1925786479
-723283716
340189613
1942300307
1190195232
1924486116
176752713
-153871209
870340983
1172718858
932897528
1024086562
-1072408173
25132294
6835080
1532073754
1228600196
-820090596
-1211810957
-28713746
-1030616476
398767654
-1021265230
6143658
705362416
-1693043433
-665670455
-640650423
1935219499
1127721093
-1237760570
-61987641
963799767
1061805515
-553651859
264289702
320053275
854596661
-1963986598
1528550399
181802168
-1449456588
1922619745
352576083
-1940103877
1516515302
-758843332
-1255139431
1420099710
-477201949
1472432132
-1250407737
971839128
-997547893
-1615187034
1935438988
-1971285583
-1433205223
542665755
-1860216873
1646466531
1436794036
-1278048593
-221410433
-1830132246
1657196801
-1688290800
1551616647
-629211872
-207756391
-1856552892
517214552
-464531847
258853291
1178735814
-1719515066
659813225
535193174
1098585791
1433107427
-1662697088
-1810419104
76467478
-1597329926
-1025107772
-993305144
-1119883233
513872247
1648061101
445103612
935548412
333498693
1206951562
1242151574
-900019703
1265595801
1171311244
-1810724299
-371343408
882812143
1502745297
-1067147196
-1816166761
-1375603958
-481441732
1112712800
1722475892
-1739124970
12249601
-767517662
-287501169
-1080027574
1071507135
1362956012
365654249
-512151477
1135325355
111720850
-1561534625
-155716281
507654913
-1750705021
-1359125924
659953750
-1154227559
-1035930768
-1194441246
1378477352
-932660803
1925373095
-290842251
1525448557
1670902029
-833981814
1799913277
-368804058
-359634403
-747298170
1074535854
823544611
-1095248045
294687721
-1039633062
541385354
750341081
-1951792445
-1702799474
-160611422
-1366931489
-1293936740
1376405465
-601269409
-1485162863
-1081062747
483270866
-1371767164
1148182014
-1823048420
501779557
1134842666
-1340492325
887046650
879294104
-1638079676
331898983
-686217183
-1388077922
1338322728
1664287530
8197504
-1100391048
250809783
-1415462381
1431383836
-266712330
946828753
1119795769
1186487004
-1085305711
494263936
1878230546
-395154417
872742556
569268257
372069229
389036337
128629769
1712828692
-1487379931
597613324
375127376
1391243605
1533750547
-536638047
873792910
-1684774133
-1848929041
-1631079246
1237118857
616873894
1939857464
760655015
1650916707
-1746714635
715526386
-1136303992
205515577
-1599880761
-1873744031
1768094295
242634632
617942523
1718130430
788062447
-1511927349
-1781268651
-1591035843
-1046682838
1228636017
1529423874
1607744233
73560898
-1094990157
-356043108
-1857588772
-975826346
-769441769
1774748205
-290521106
-1266782369
-690681190
-540883127
734775923
806889069
214740596
-1354333242
-1664628476
-187418086
1103994057
-1919811216
498531301
-54240787
-1819036569
1430168011
-355671574
-861139198
684312866
1231515376
414317901
1627504606
1565299707
-989328486
-1170538778
1571273471
633288758
-170234842
-1113726572
-466592960
685202317
1022036597
-1789059683
-1544247916
-1501575936
29270259
566941807
222355229
554952685
-977489484
-187508886
-12887527
-22113738
381866062
-670112434
1147922736
399596127
-869259247
-1000342552
1181821469
344233151
-1935642404
-1531860017
-487394985
-1804511949
-1418022976
-1242041808
1164484089
-1066188578
-873261644
-1803407199
-1837661031
-434423254
-343412212
1189061211
471177318
529955046
714285471
1536483487
-275569091
-642452367
-565984106
1803099088
-1927246588
-1531893548
-1783342423
-1339921937
1192017915
1232953286
-1174701085
1185254087
-1178759767
-709012865
-702881427
-1226314412
-1841812666
1595455604
-662720945
1614733963
-977538693
1781941874
-244985216
-382871867
902879121
1186303707
1021627022
1214266723
-1161998036
204581686
1174627532
1657790378
1535696807
675173064
61806225
-791763113
-780353800
-1423148714
-686471192
-942625341
397751612
1574491599
1451100213
-1132409827
-1920590983
-192356007
1183563259
489486130
925664482
-1194623640
-785169300
-280369796
1398289945
-1475907864
1777582645
1886172306
-819148386
243307410
1629889554
-399166943
1976871558
-582345176
395056520
-1808456115
-752781710
1571661777
-105290045
130804303
-469110547
-62869151
1519685724
-1799400583
-1299614775
1771235298
-297197285
-1814496165
834897296
1156718964
-1797857788
-438619139
1351574206
1573874376
172981260
-1052137357
-382847133
-352746637
901060860
-1981416000
-530724131
208344921
1589401696
-886081892
908849843
-1821262734
-264591199
1976748835
681826199
-1233437797
404542113
1832591043
-449179565
-1917699732
1101355952
461155115
-235983481
-481692527
-1041753741
1957230800
-439166883
1099705066
606772957
1554547952
510861031
-497444643
-1634043420
1187052640
-1935388349
1548527349
-723519043
-612181551
1901647900
1723537967
29262058
1676593128
-1506300318
-1368865026
-1018621615
762764677
-242601439
279670061
-1778114742
-308692345
-1246704213
-284409227
-1955430209
-514942630
94860322
753461169
-795766248
1887435468
1063184672
-1583395695
977621112
-514464178
1380156784
-1809462156
-680358737
-205742004
-825111486
304657472
1300067499
807959043
-114778203
-4096270
-474576894
-923126126
-331835364
-1928571428
1395298011
-458663344
1350141602
-1924440394
-1188129024
1157617071
-970026835
-1020359312
-1644058172
1774965252
-845469860
-448389451
1962312325
-225757389
-780958717
425458763
1771881837
654294497
201062274
-1621015521
-1892640668
53004448
1419147013
-1558439884
-1585979762
-1384251465
714290817
-808113611
-473527990
674751535
-1315749869
-1030995488
-233079588
1878627284
-842128925
1708114488
-850039021
712165734
1178592425
-1273972653
1363451858
-727787100
-1526680747
-980637500
-1785445402
1716268119
714894649
-498118051
-125439010
-1523793331
-1156571496
95633097
525655580
630316984
-1706226538
703855940
-1092705487
1752620146
-816531464
-168111811
-1220587828
-1890775501
-652495343
-14413752
-535800328
247247174
-1436706639
965059683
-602271433
-177385123
-1608743251
784797472
17226413
-1061159475
1763481933
1189547528
1329339992
1319650424
-215079724
-1401410015
149256128
1314118960
-1831362280
-200671686
1270077042
33750944
-1691341857
-1175598976
-1283616861
-153271031
200970383
-815199299
-1244555592
-994670570
255300968
-5234513
-1515927537
-641713152
497286944
1512492085
-421360238
-99328378
-1257286079
1233999289
-1809680230
1339625816
32514987
1915751152
987136016
-94918002
1949258754
1764932983
1988938175
-1689626687
392884837
524552246
-889046231
68423074
1975476811
1293818178
1226097366
294983047
-1598105411
662536289
75748081
1681172232
1035117600
-898466539
503239186
493347482
-1697816458
1539412171
1253834323
259120582
678637785
-1330786885
979495398
224115087
1696438535
-1233154869
-1893720691
-285159735
752296741
1666426201
-1133267617
-1781161890
450458695
-974043584
1069180757
-1705956634
-204028250
130028296
-1929651913
-1654925129
-1238496313
214559037
-62737624
-1145040491
1582819751
661812143
928945240
-1163427559
-404950622
1402255033
-1802092619
1068854693
1503909243
-526917085
-1993993018
-891345337
-306922484
-78481172
768757031
-1880181045
-499051730
104281273
-1113300257
1236939529
-1642976784
1922892439
-408001314
1481945909
-749767278
-1352218849
-1067072693
177512306
-1791494505
1722416249
-1461532116
-1647969958
-1699059294
-1698014215
1949762376
1806678533
1130966395
-1730578280
74690372
-684093213
-1129102369
84847625
-283619970
858421932
-404656786
-1937189657
1145988153
-1173440539
-1997063698
1534937570
-1665381968
-162307432
572898632
-1156056450
-1271224900
72119920
784978823
228187444
-1651710927
-1012349886
238334581
1394269525
-1494832638
811885743
1336963345
-61568423
586369875
388987036
666313498
1765810540
1113032696
1758480577
1267741871
-1730127915
-1316807194
-1730543181
724513842
1272637614
1424604712
84281980
305073637
-410406716
228763424
601732802
-1633657034
571455911
1306786141
-369758541
-1198160662
-1911750619
-497668843
67721215
-1473566483
1159426107
1316267174
-1604777205
821600816
797051562
1742335987
1467455105
1822047921
-1382651870
1782582384
-1116017749
-493368136
1389178697
-94142396
1650692932
-1736483548
926330114
732232835
-108083212
-568455675
593736821
1870691280
-950653049
-823167063
-1813930427
1106997509
1304704556
-354365021
-1949608016
-966824102
-1111132356
1541533961
-937129711
729558795
-1509036643
-1892921802
1432803386
254898727
1156707181
-53013564
-1704479150
-530432093
-133948624
-787910324
-331021622
111402135
-594011416
-1629792212
587159503
-936725571
-1794864533
-877815096
86677908
-603982277
-527495392
-1021654532
-788750007
39845574
-716347769
592659362
-1688005171
831951675
183172073
-1841061832
659794313
1207499682
423286380
-1994586073
-1250768285
-54252540
-865934106
981086278
-338093821
152579050
521592280
-1690749269
470201719
55250705
-383841432
-1709344308
1900871420
-1795312054
143382209
570765663
341079021
1325200822
-233110566
-357361142
757819202
-1678981094
-747992102
1838960211
-1785077273
-1156426043
-1974311078
273799756
-589870250
1342994577
1158659095
-1973299720
-1982000456
1671804206
1971583506
1318727032
-1387296459
-921651606
267805457
1512145079
-441969379
1822005637
621004972
-527579778
-509783485
-338230135
196905132
-1836728394
882486640
-885678230
1263930200
-697466035
-331512888
1647239295
1848506709
-511379781
15057315
867526984
916475795
-1585594401
-1926920921
-1714822945
-1987131897
-1382614387
1898419586
376004773
-531926749
671991413
723265856
-1562467601
79218335
-188021208
1371429302
-873771942
-1398651441
1677835209
849481505
-416063985
-566212802
216184347
-1991137832
-1294133836
-437167808
-284804412
-337617458
1372043248
-877273318
-457961127
-348171871
1358644492
1862624495
-1644543321
-898353672
1165190627
358050715
-1601445239
456985009
-861920021
1981140342
-66053471
-1107369132
-1959507266
1444717300
-1034585143
292675606
613219652
161059922
-1902711077
-760979177
690502678
-293022080
-1285237314
1310113640
1079505452
362608581
-1374586386
-520415271
-318437081
-7880028
884213400
-1482255960
-772108701
1460292308
-1268650698
37168916
1521969653
-1670273577
-1595789060
-1813098778
225336873
-1240786550
41925344
-11947869
-1006922427
-1675421748
982855015
-1083107956
-1840196347
-90908999
-537493852
-420212532
1196467939
-1138675578
51324112
-812373398
-197122302
294111259
-871115684
-1974345557
-229692294
699044197
-726980031
227924241
643144369
11111
