1225415925
-1685366041
808827558
1953956868
1139015841
1406749897
1258726918
-114769120
2140114637
-2089052137
-654822472
-1064760115
319124257
-268209992
-1624412342
-1538148919
2115574502
864936141
1945328255
995087821
-439099666
2037532462
-1798038786
-1712731026
612432450
1211392358
312753248
-2011573025
1309447495
262924683
-1521745912
-1846596577
-1382556826
-527187017
-1051804079
-907558170
761537789
686995399
1498568319
-827030365
-1904791683
-1894792977
1311288941
-1472583062
-778410213
182708050
807224603
1507893191
-1214825171
742109118
-1668754998
-1702692783
1255314063
301601912
854389942
-57544200
-123130145
-181463807
-719718649
-214234154
-584103481
1358156049
-1507812084
-1952044764
-2009783453
-1640090395
68289647
1671153324
-1364022228
1360934438
-1999661402
1629863485
-268681844
1125556365
-160626562
-251880430
308438066
-58494459
-739874302
466846608
-551635698
1564461027
1730955654
-1798004065
296728904
-84059576
-1446518647
-35637541
-1559894816
704612725
-845588632
6300220
354656159
187431319
-411954430
-2084434120
1209163067
681754850
1569528063
1021977896
-850475375
542122533
-936936602
204492272
-1559367250
-1708533337
180018569
565840013
-1124226435
1309276928
-1935932739
-1438462179
-1000224073
727276573
-1610650222
-660272380
95462316
-889482608
1453724467
2058721564
-1777306390
841908198
1001658567
-364650985
1465382537
-1823511225
-1435261128
357592019
-1519128370
666352182
-1039808542
-1966328515
609477786
1948456321
1178818738
-210611613
1505739663
1196510804
374344425
546198990
2058926685
-1999262683
1101099772
-457101068
407307915
2084953762
746334863
1024894981
601284960
1933211701
-1524039592
-352495860
394688312
114490153
1130641568
-2114763228
-351867054
-676366720
-339157848
368643594
-504199480
-2121158061
-650502764
706579585
750368327
-434640018
512541493
951331145
-913740742
809705718
720546786
822585894
248271881
-121966568
2078957318
-1868851417
-852938559
-1056898697
1337240714
1347301282
52445978
-1845099345
-611164960
-1209209059
-1331051610
-388874935
1095496195
1292738676
1970760206
1110679428
1069905991
2084439035
1220216680
-2069660622
1654679229
1306264039
-980145137
1037417826
1160613470
1915253142
998695637
665039721
1429282025
845573118
-291670049
-1371246433
1648012152
1595486170
-1223208559
1074050804
781410218
632461359
2093406498
82866872
654580834
-767287495
-562007336
991938790
1593164283
-469470446
-1304656115
-627461498
-290619736
-2051302599
-288449902
1375611330
-643354873
1835510649
-61639148
594142702
-1286615184
1621887302
1555587247
-414865335
1352792747
501039408
436037126
-1057810293
-177832888
867920287
1813295417
-1618398946
-1810173833
1680676849
-1803488402
-1156432816
-406817881
-2004032014
34921773
-1661116452
1729389633
-1873050438
1802872495
-1464485385
1358246766
493380240
-1287477060
-2020536984
1509245708
1925373671
352584861
294125412
-748824084
-435810701
1312972119
1248453061
2082742516
-992931746
862559980
-780267079
-1936575005
-1434586526
1683544003
-1346051440
-173651217
-1805048552
-1597955506
-951444467
1030346422
-1654947580
-1867146626
1144718404
-641542772
719903524
-1307678532
1454505904
1803623116
-2116736935
2139150880
711571791
-1012289834
684864290
-762410964
-2016812138
759316997
992468861
-173174456
-939556352
236891161
-820445268
-666115520
-871184804
-1854768038
-568936351
1519357482
1965850029
-1222075610
-1357613629
-1292487139
-1300427781
-750585424
-1651609760
-2076867786
-1753810630
1086607907
974437595
1442754002
323948008
-874120870
728562328
-947448059
-789315641
530300642
-375620087
-17305508
2096082265
1386732773
1718426302
-1926826781
753134472
-2000619333
-113347209
960114958
-359341794
2089563218
1849027124
-333915193
1924330540
-1351791107
-350289776
1070284563
232146450
-328281858
1989045963
187412401
140361724
-1010543227
1343860711
-1635084764
-1272729739
-1532439693
-223008908
1244104597
221901619
1134231363
-1937058266
866217492
287291107
188333509
-237265456
1941946428
-1776107435
1849860761
-1833101395
-231290078
-153203766
292848025
-976882192
2034829649
873035949
-329773276
-872744122
124226902
1158104305
-1338994543
1284406668
2033416177
770317076
-57238300
-1455129919
1115849156
400354855
696184105
1988967798
289969223
388228426
-1230029746
-1800892040
-511151865
-2144953867
-1058850478
-513570840
1034775475
-1422531935
891520552
1011010727
586166460
-855690998
-619657096
-1590982265
1168678697
400522529
-1222325520
1876745348
1034858857
-1333280012
-1238651600
-1865688534
1999402078
514133266
192357355
171189153
-1602023103
-931261399
730712649
-1032910181
-1306204913
-1229428507
-715619761
-1629272559
-1719227900
1404514510
739238881
-383830347
76132190
407205062
2087436172
-437273889
-956227116
494795511
-405361312
-729443383
-667654852
1512223745
-660099589
503011980
-226460832
-405423660
-761013615
1473118910
1937407326
182835226
-347461933
-568725360
926229650
-576672715
-173330457
883858807
-846503316
1851543519
902765916
273336963
-1802368809
-710240644
1072402873
-476886948
-141393016
1214765367
2146151251
227952747
1311809395
1872188275
-972286812
1374503659
-1684184082
1581191126
495789085
349137741
-1174865045
1404396568
582815118
-274287286
1380297456
387055230
98312786
-1795594153
1569578072
515145761
1755128262
-1531296792
-803261254
-451761019
1279498669
72430938
2080161338
-1035983761
1453479651
-2014405699
736764087
1608626560
-864295547
1023089491
1957816593
1669211416
-1073274367
1874199653
-1098325155
962511441
446290345
-1739307692
-1800371793
7421013
1488681435
-1238241103
1572492711
1977434599
136434251
1105744052
990812261
1698667051
1465508932
-916812713
-224935012
-1866673836
1327416203
2064309355
1907702231
979203431
-1650423916
1615482441
-1395196279
1986388185
876431938
-938141077
1533312914
882612852
1483619002
1856866135
1406168110
2091531823
820689673
1078419188
402366192
-1340474301
1212388381
794161770
1984501096
-1031166700
-159894758
2035199967
325915
1058948325
591920035
-554547955
2046867440
-1604693880
1531029382
-949070354
1485188185
-171023574
-1043154844
-1458458
-872163811
290818250
47773241
-884118648
-535551293
2077170968
108528127
1079753096
-1295923669
1065891123
-768281444
-2039976491
-701816188
751214235
-1298526083
1531132249
-2098806146
-1691915611
-2132508436
1864813673
1573576409
-792524250
-1736561710
-1916896175
939129239
642317374
-666529401
1033140267
1549174215
-1249572783
-605700849
2038074217
-1312841965
-570422241
1908426015
1774154944
901305140
833509301
841702508
-1925002899
392100275
1776130542
84275818
-1799788351
114040293
-623616696
1390666464
1286898535
558658876
2060784692
-1756088284
1430072416
1057384889
-143215469
167999896
269910110
1257746702
-2105219424
482086441
553146743
-1167493441
-170279140
-1668896177
357864026
759009744
-1411183445
1550635908
1266212088
-1128869733
-255511481
1889496651
-81844984
-2103554249
1045274260
688087146
1404995081
1860689986
-1960398164
711344095
-13709647
-1774746126
-738237503
1037898968
-110062136
-1075185125
-1416081871
-1374738116
-1733566621
511854225
216556069
1383000356
-759738431
-912363794
-523558496
-1197288387
1203368397
-992663906
-1494586212
882933170
1538886085
454990792
2010504536
3906614
-1289258229
-626372915
611956069
-81056938
-1195492480
-1992033686
-1922606867
214342612
1832999368
-39219987
1788959918
-1594027183
-1544417373
1718890497
-1562566323
977845778
-120952937
-1418304940
-9699099
-1700778292
1070658092
1118904037
-2143417793
-1784164593
-417920955
104994195
-776974757
916807580
-952917539
-1796410131
1813560580
-2064152071
676116825
1260503242
-1287548764
-636256434
1409368053
-291357625
38160987
1816832701
-423255297
-1154981364
-293322677
1775923179
897900429
-1699746816
848345136
-1073218174
-2036848741
-129700727
-1603889873
1917463514
-1889069508
-931563784
809341743
902000406
-1572703318
384063310
-1078127549
-577907234
978029399
-1538597905
1534885344
77274069
494538253
-447238797
-83680675
1244317770
521308432
-33507674
1840890203
1712873700
-1491113976
704519714
-713060049
1384359672
-2051109922
1593069174
1909775651
-929764558
1129671980
-650965575
-1395838718
1449094214
285069844
-1339316367
1362826904
1680066645
-1229122988
-2080365629
-1882758939
-1753973619
1599597630
-775057077
-18478750
587101759
-338368554
-2137826052
265985342
-1174949088
-1962979981
-992364274
-1992411154
242610787
-1417893917
-1921443544
1975062885
-97553289
21420774
1210365727
-1679713784
-1318597774
1100793507
-258331227
41101061
-1475691399
1790671937
160964623
978202361
557264749
-420347236
1392374610
636753301
-1178849321
-1662932182
-860449457
-1133475170
-1639318205
150795486
-632268971
-740134082
-2040976488
-828964052
660853865
1444309056
-49687573
-921329570
1093397251
1608827817
-109259615
-2011704522
-1242511766
-1304086022
1214849602
1268974156
-282594106
-1974859427
-789632957
128494357
-412380778
1802810914
1324103754
-1334402362
1370127927
-1508485802
-1253045197
333704697
-1020024741
1772972824
188110186
-850648309
-159488755
24335957
1053187598
1957388477
1221711998
1871400202
421181798
57462752
690842832
-108729938
917701627
-1950500234
1259625709
1596212745
-1473137503
-914936123
337529676
1654761989
-1486357398
-974113640
-412160908
-2963839
-1661880465
-1035300554
-1502167938
770671110
-1964806752
-569631990
-90256842
1306809753
-783523150
2048303360
-1077834051
1969502591
697218728
709909488
865260988
-1658052606
-1513122010
579793995
1649980881
1462371712
2046918273
1838618385
-1516791205
393841017
1414170161
-415065614
-309110282
1231559619
315147396
-450941059
-87596947
1609743092
-1258897206
-1290294347
-1598560619
-814793114
2133979317
-1946560242
-1480705163
1683174502
1730496860
2146098431
-407757819
-1186312679
135913944
-853791879
-1047389106
-1525785570
-1905286818
-1991046042
848109333
1454561897
1103102174
487894951
1460592470
2102791643
-1788028121
-74919364
1488029822
1181331556
-274903580
879030581
1849056669
872754429
-1494570726
-143519606
-924355422
-890016725
255815938
-478212631
117734445
-563203721
-827691580
80839889
119313827
-843512057
455592946
-1184414357
-998818681
1577958051
-224244555
1268405791
955138115
-108238351
-693205262
-168195555
484101129
35724849
365049871
761767273
-1040744760
-1785660850
870949781
-2133651320
844731595
-1776224529
-1791163357
404233885
820191023
159919522
613944253
-572530780
-1261417221
-434129147
1364554823
-1433565376
-29244601
880940712
1729142987
1485594622
1843791512
34354825
-223392608
-2070917224
-568069591
-17697240
-1607119573
-560272146
1483227286
-925350939
-1121689318
1524048505
-1518852560
-785986595
1399460520
1134388163
1676342793
-2071776447
-1591892362
674394994
70049318
-685251229
-1987044281
-434981654
1168944532
-1610059863
2087731460
-1797516770
-1793675828
989163168
939838708
-282562206
-138507553
-1070462485
-1145137647
-320161913
77220958
-1104346689
-1197158547
-1507828198
-948937326
-934327926
-849519996
1055495900
1327146461
1544697619
-472701172
-1873149646
335589730
-1815135197
381461511
2073292266
-1
