874871451
-25318811
-1147955820
-970990945
-1775678364
-517874852
-1445076985
-1114741987
397011935
-173704898
-1576175768
791446788
-1089893174
13163326
-754232372
-143824731
-871040788
1351377941
-1694310438
-1110825156
912387016
-1600220526
-987374586
-672750394
-370343667
320873066
-1885285195
-416974761
-127324448
-1157612851
-1773001314
1494016887
-1812802711
762491536
555060819
1327422475
236474674
-1874699007
-21604387
1460020280
1147812766
-1560187717
131729337
-935693746
-637201429
1364845173
-1619680085
-1870812431
1539740835
1962938242
144673972
-1261164720
-215970028
-1912003351
869259153
-791015487
-1715775729
1621611407
-1209971574
1788330875
-698761050
-1752105460
90498807
87511001
-374297984
-1031112594
-2061899478
2034039592
-131850986
1223022765
1016890083
1025825645
731640911
803821209
-962788043
-175669428
-18735448
-446120341
-432953826
-668489869
-499357725
-1760530736
-1089153412
696978743
791926354
-14390623
-958257835
1627405608
-272918710
-139101820
-710691534
1261665855
1395227483
-1785833416
1447182276
-676017564
-911080778
73070645
2041162683
437311383
-1520829782
-573845011
2041851626
1801400475
-846223257
1035420592
1798178247
-2056823871
-1998747761
1702560604
-662456807
-457239057
-1637313273
1495244276
1626137402
-1149003578
388770955
-2130704258
-500845733
1116730528
-1255836704
49758342
1158202485
1129478277
-857712360
911604941
-543445289
1218652939
-1944576632
1310879193
-2124407713
20795989
-564300926
358878486
-1459918202
46009452
250882582
1635614702
344383705
1212807359
-44406590
-1361672881
-669355182
2084302594
942374553
878180665
1751390578
1484704339
-1739572353
-1703157153
-1856131068
762592975
78569276
1794348250
594767952
-343227556
-590572466
1042669828
1001189887
-538670397
655523324
-1543023117
1839907210
-1330541764
94917361
-972124443
-1064664055
169776880
588680056
-934897809
1644407697
-654604965
-1105060721
-4106002
760134668
-461739223
-1164720620
753671381
-1515643081
346677855
-1562579637
143137996
-829978142
-1215536169
-724825305
-1706483058
1573449556
-1561416031
700622661
6043854
511444918
626999673
1226761609
-2024248200
-49716921
1424548429
2043322975
844864306
533989759
1852979390
908205775
458577516
-1583170401
-1528532240
-73122467
1673646634
-43798998
-210042275
-836874631
-967383681
-48440627
1121870082
-1404736278
979704845
135982752
1961618405
-1041274254
-2115054061
-21972956
-1219704226
2052934704
-340297558
1813589475
-784472306
-1287039278
181185923
-1186069952
-47515571
933932142
-1521764750
904186116
1123981680
1465939543
-1536898701
1044687444
877228330
-415849246
1608418607
-2134464489
1604480190
854997361
932933354
1704096409
-857602375
1903371202
233014359
-414593919
1478139727
415870764
-579609702
-1126924176
-848304372
121470217
1452692535
-1897995550
1009734703
-747891597
650335787
366799507
332115316
-1127941393
1318036614
1738789219
1100849574
-1552325468
-1310180169
1844202196
-1299484563
626355692
-555858383
2035238973
1341760143
2067065219
-544926341
646925535
-878259403
-117064511
-878429821
1447056040
1381271174
545901417
-1220567220
-920633779
-1990257450
222983305
-1959280660
229762411
262578423
-1636851748
1300488682
-840130499
376119718
694966440
1590192673
907177996
-1963099743
-1364001905
994786344
536785937
-1234722622
2145579644
1569204727
-394302329
745397374
86114578
-119048863
1451954002
1602946755
-711777846
1666736280
-966463951
868870546
-1524829800
751947214
-587061030
1990042673
-1611551579
335212625
1648440183
907748768
-1433748484
1065225497
-2100958828
-1909082875
-1559638103
1674005368
-1534315501
-1495234140
791776697
-986606557
730021077
1245147863
-664285968
1457751052
96678783
-1374645759
896754230
-1898026193
-1724931782
-929488258
-1478001356
-402563800
-1231532579
-874557278
-1049717776
1929532113
-2002078285
812328138
-1150885920
1201625484
256248517
189299335
-1987941700
529126515
-1711026998
1210320967
-161699343
-456274878
-553194683
-1000506960
-415781671
-2051583703
-1117553826
875599508
1515378490
-260576979
1957755693
794262530
-242405603
-1324477809
496576413
-1094195817
-515557100
1278268341
2037735437
1231914026
-374840162
440490746
-1051944200
-905746500
-1763440593
361017219
-154932634
-865175553
1659497994
-953715794
1540591690
-851772501
2042262053
1053667723
542286857
975123017
-815387750
-927940753
111887696
2124741752
-315020309
-426955376
-1152818672
1012699863
1505872445
-404567874
-594146940
171593957
-979042275
1581820015
999379658
-620655597
896685526
-1831382507
-1352872099
1994292375
921264037
300607237
-263679975
1217476083
-832386762
1522493223
1362410079
449556271
793702930
-1062666471
-665211759
1185209292
-2130961398
-1813353738
717795754
1078121548
-417979125
-1200921218
-130595289
1662914060
-1013852839
-388945693
384232777
1535091857
-1376404466
79364028
1237030049
-1893945096
-365782492
-249240363
-1127053104
1928377340
1065181497
-1036897268
-1624507841
-793178918
-304300708
501377810
-499576533
-1699511522
660354181
124909849
308319007
276946520
-535375715
-1956044806
1842091479
-1537962269
-24421115
345695412
-653277758
1136551554
-202624172
-1969877083
327071994
1674797188
-1973643412
-1169539695
-1757555890
1953790712
1162716054
-236781715
-479773265
720018884
107791958
689638150
-1999608043
1748145400
-942289506
-2021032951
876911346
1536956338
578454447
-1700060190
457582039
-425860672
99736505
363457263
-1566046006
855694442
2099293723
-2061221923
-795721876
-524004264
-1720842731
-109667930
499290693
761087470
-1535837102
1246299805
-2078540365
-97340848
-2040126352
1046662641
987145292
-1535571272
-443905540
-1828315142
1793217729
885958261
-509985869
-1772759583
1213046255
-1992602311
1943562526
-930659383
1740862237
-1066086631
1797721812
-1075701754
-646881114
1502260362
-1316736330
1540377426
-1930931999
794480548
111325240
729817784
-1010179970
-1284418593
-1584360179
-858112381
-481017434
-1875550385
966594296
-254952309
-954289410
646253214
-856693263
-1573624083
-778534411
790780344
428116478
1691415889
1495048319
613631001
595242938
-1037476542
-1163146993
-27865588
1374584106
-499174511
1302278978
848375897
-1580579654
-563602633
-1377445675
-409923330
742642452
-1798813900
1419659496
-1160787101
-990426102
-483325341
1092554058
-2024879599
-1043229363
1483044925
-2034262198
561245644
356275265
-1694034777
-302781413
315033251
-1052935490
-39021012
2039244952
-63808489
1350328739
-136006576
-1960004033
1772635899
1885239347
-2077816407
-1807034451
-1907370151
-38961549
-1292565606
-1152846523
-1801809952
-747023861
464315223
-1636060643
-370856896
1915177813
869322164
1764691768
830831375
585181640
-37491656
-1057234796
1466385621
-1848274987
-264266434
-1409297839
-1902492209
-134475835
1879225508
1925840018
-462211529
-749811501
-1250112247
-1425143732
1965154814
-626289990
-2139642195
175104783
987648587
1355725322
-1946117841
1526334630
-452000440
404311731
1293161395
-317701445
554317685
-283837086
650980590
754005371
1112816255
199720698
-417643205
-1810355099
1149034368
-483945843
255833266
152154748
-1258426463
1153797189
597003626
-493575361
800895530
536440849
-26907675
754044417
-1122990172
761831096
-372812083
-2094257000
-1938779888
1962218068
349482898
-951343852
992635259
585640771
-794020882
1203527840
314829905
1718291501
-502657914
1775021659
1860833346
561940082
477491020
-1013221124
-955330862
149198517
1816743776
-1442231645
-1407706129
1890415084
1829739598
-1719803439
1723985927
1750737210
-1442671324
-1969990265
-946511921
-137974202
-1364941213
905955892
630637654
1145954599
498817948
-2059750182
2098000907
601393753
489414801
-271404605
469994391
701129256
-2055499599
1331882036
1315587361
-2013367597
1811322680
-963707718
133390884
876942983
-826367559
-1315923619
-1642912978
-1592425778
1648598586
959020953
1086476441
-26941868
-1075278531
185347369
82170645
1708463131
2111201637
-317910561
-8561635
-1951612797
138342732
1521373710
620437043
-1941221937
1821505066
517479758
1550226805
873081208
-1486480122
-439381789
2049728798
-1380075910
1847077033
364785101
-1564661230
-632828805
-580771946
-698622766
-379740741
-1309818462
-294875525
311263750
-607554624
-161215884
337368992
1762272038
260803004
717316633
-358902693
1935186493
-1305671545
1019972367
1936327931
-2068325588
-1851941116
-1991272357
-261779334
79939727
242665988
-344470464
278812388
-739731711
-302240683
1431372728
-907161526
-1175010566
234551083
99725864
-359236206
-1184263417
-1863687256
-806064051
644721112
1144139718
888093207
154670837
592525639
-1189526191
748973054
-1424528719
-789869651
1124677898
-53822921
-527803679
671574690
768798297
-1774096420
-1109210106
1173752887
104798843
535439842
605484290
-1194778133
1702766891
-1470517469
-540324839
-1184695752
440971696
1131927811
-359791946
10399801
2084731582
-328168159
1391858042
-585995081
410128169
-526924873
-1231563143
791525019
-1881218488
203596191
1728135184
-105524480
1940391249
-1915248445
1227852370
1155675825
606431712
1259849842
1026591467
714802455
988133627
165868821
1642171912
43753990
-778390307
-1967574545
-688012551
-847556023
172372141
-1468325758
-1242679393
769518279
-1757834847
-1733594463
-670210358
2001638104
-1548098021
45314174
-1487908093
-1702456478
1750763696
-921922728
-1534643107
-14534816
-396340034
191966518
-2069384271
-1425687184
-809538611
494280948
-992823473
1878284278
730171855
-382751811
1527234917
941309001
-1060968228
2042838191
-1212688016
-225262242
407090736
906517977
-1565914239
286761651
-273934778
-1483035534
-1679592756
8263966
-1563903189
-2030116622
1334106010
-2053024828
1244005839
700246345
1506793995
1892729979
-1103118922
1536233246
247836917
-1442999490
1759204047
538325421
923890623
808067138
-799099778
-695529955
-1171261183
1188926547
322286388
-1114335280
-66633085
-1264746681
462944256
-518037267
1247770814
-1515222194
776046392
281154112
351238092
2124757859
-1729112987
-1723664983
-789647939
-1435255718
-1347065690
539134851
1465910133
941213296
-92924345
743257904
1132633160
-334132276
1847442677
-1688866044
1428365832
1110227835
-815555116
2128354543
548855798
-1136095600
-416529860
-1577170020
1702359151
-1016599304
47967550
1123826156
938654000
1340709237
1428922840
1634319677
-843646871
-2035255839
777172988
1570033159
488529837
2028196179
-1399390359
-1979669795
-1302674928
1011730922
2023060768
-1139288716
289263776
-1566983107
1523943470
-579363517
-1184078598
-302726012
-92738251
-76146746
1760518143
30560126
-551943115
1455792192
-2024532734
-1227441781
-500511987
-2124990050
-1177663642
690618565
-1771674358
-1394735915
2131604996
280265963
-836293506
-392836276
1471756284
1929893667
1404262337
825136924
1858169132
1190501127
416428064
-503358898
-352524436
-233408509
-1657023772
1256302773
297803319
-524085117
230000765
-363299003
677552944
-650036537
-1477662989
266608152
-1864097025
321311253
1096943809
1990520720
-199041608
-1942669707
1777864500
-1129348693
1784001404
-1943116554
-2064304163
2008255857
2025570488
-916041404
1569538268
198709416
-11
