103490984
-1152842610
-848202899
-2011780922
1469996373
1579709126
-2127772988
-628959342
419156993
1950743067
864919485
2057508553
733777433
-1913034787
901737983
403554506
-1385434651
684878621
-249312699
1555759620
737720434
-580757471
-1818737887
-1214864410
1572335411
1089633569
-1119412130
-180393234
635176583
1866008564
-1679475737
187040381
375518413
-2107738005
-1417745615
-813860703
280388548
-639260987
-1456081414
1991199840
513078248
-213362909
546480199
-1790637899
484674348
-1051042304
1615446668
326725857
1519105529
-507161207
-1885736453
-169656821
-577497112
-902897396
295811127
485190614
-1728320403
148603555
1615912330
587272963
2115671600
-18874869
215400673
1337776263
-58375998
204689205
-1615872327
744875946
867995984
3353807
-1498174676
-1534427100
-769366618
-1016258955
1539791547
-1013050845
1560782339
-1715593336
-216843821
248441366
1705649408
236639697
-874449575
814051003
-5599084
-1819126957
1937912724
691989459
-1523158611
693988647
-1511891600
2142629990
-1781383803
-636707134
1000698988
-125159028
-1531480455
-1071219037
1106640434
869937176
1544215073
1422443237
1281620784
763360540
1382852084
790484481
1836511050
48495958
-1868242089
96008979
651492250
-1885913283
-311571495
-1255472633
237045049
1747381683
1436432019
1231129806
-672010701
2027669064
255204284
-1985813619
-159064269
341240977
638525933
1362647161
-32727392
-1942071448
1496531223
286866726
-1933575639
-2073375670
270234278
824731515
-1995883057
256470438
391671952
-1445575567
611892903
1214436670
610764612
423198333
912027822
-1875262905
1756722728
-923783002
756978006
-1024240197
-871276969
-1805931461
164454282
-1048912616
-1089354221
1627966346
-1787960403
1796420206
-164780389
-447293137
1140574236
-1282956171
-963932720
-877723299
87573240
-663849378
1305005791
-622962511
-1750463486
-701568126
104514060
-1369149460
-831494044
599581523
-378792433
-1278707659
-1630846826
1782318482
-891801580
-1807288331
-1233499559
1677492350
623287321
-328593632
-799719314
1283674884
745049486
895372243
-121689355
1368402853
-1743097734
236326777
2010560802
1129501372
1072400450
-1534230243
595961921
1480730768
1452122817
-641657630
1875983690
927379868
-972106083
-584540489
-1341272799
-1591037420
-243313674
1724446301
-1613278115
8510340
-404404653
1764634026
1995513981
-579172205
-457128991
249582596
2137950353
-1320515112
-761147799
421841505
1640412530
-618036552
1687315300
1075718420
515209611
-2029333315
1129749871
110932609
-83150094
747183465
-1144724645
-1909368251
1976429199
-357219802
1404578378
1515542166
-1119023865
1807420421
-1419885294
-1682421954
-66399322
697128575
417612995
-1895372626
1117537277
-485767081
2093148697
-1262724744
-941461362
-816569290
-450026413
701492611
-1254178110
-1557061132
-1218272276
860984500
-1197190720
-891757431
1038645438
558288017
581454626
1349308099
-1427520419
123348758
1794337685
-974299517
-700286495
1815043654
-1850308460
798161734
1056320969
-93456119
-117168361
1505675228
538245145
1892974311
-47111020
1005902293
-1185914121
-1998176921
-945917759
143786979
1136815113
1308990392
-1819421589
1328493482
1806210620
1762459771
-521942451
635722922
-1877670193
918045942
-587699975
-1545799911
2044181023
426817948
-1646700293
368052740
-1289633474
1498266696
-1465982982
1009633789
698651278
257677929
-1615464821
-1919630656
1294953562
192710289
-499027118
-178219135
1829552815
1584422403
1509179701
-1146860625
-1365130802
870185702
-1324963483
1361191356
-1743659465
-228107607
-1373066496
-2070739181
-773295135
706728381
-2137824156
1037013161
1930066178
-1275817936
1520142996
965510836
-495829916
-2032552329
-714673463
1721565764
444020599
835582247
1017588378
1944852854
-509350486
-1677273489
226172922
-727704705
1566301627
-1495836170
-1478895076
-31892124
986939871
-1893502633
1848132266
-373385536
-1961074502
1987170666
1390148691
-221720974
1464282178
1307470189
541937191
-25111194
-505547488
2012178655
-1692788539
2074105455
-2093455323
-691088656
-71572879
734555827
241967193
-1440046245
540207987
-666903074
-1260713947
-1914862651
1122523889
157990848
1856096239
675417836
-131501094
-1766991026
107497552
-1751997109
-1344413666
1789885735
123093346
2021118771
-44366159
640148607
-198321065
1914126953
1937143405
1639137335
1590583938
-1909112360
-147235782
760691539
-1348403174
1178261515
131534343
313399670
-1397648896
405956591
-1631018688
1290363443
410355787
-1458772508
-147876796
538844967
277009890
-205415513
-1075738909
931964937
750317922
-954565291
-138477053
-1193935170
-1080171287
-566293015
-130592256
1213250407
15822829
844092137
-31757002
-1863349621
1538799159
-1113302549
-719197016
7026743
-1858010839
-880948124
649991849
1319259246
-488238931
423630002
1361835100
358627474
-57902465
-2138860984
-1747747723
872289158
-366765087
-1684971995
-228275485
-124852821
-89745035
-669245553
-1135646404
243893754
325185419
-1236832229
175548099
19006977
-1635839075
-2075143945
2034565772
-1245401225
-266853460
-1050333548
-645881185
-1587245320
-1252677793
1955198452
1048763366
-1584426389
-1051172825
780711927
-1800090404
1350185951
1408313998
542269314
326304667
1635039013
-966201868
-1453919014
-1850066761
293336624
1658494092
61534681
20911396
-36193066
182535492
1040918478
399707399
-1057442279
983315265
-2045693238
2067285906
-1945638803
-448061605
-550863203
-1748593106
-1848000044
-1593545066
-987505996
-1501331777
2117514541
-1756920544
-480534580
1267684133
1655399859
-1200806576
-68393994
-1576445419
2018665563
-1070079881
1415724467
2127366206
-733381630
-1308190953
2144115432
799688308
-1295741378
-1821701480
675193753
16436579
1257242180
1411808246
-1945096408
1605798806
873771126
47078796
-1116649525
-2107039848
1118802774
-1516563539
1428308319
531259056
1785642814
1327678438
862083832
-587469037
-1606016870
1325545102
476509544
-852627443
-301091462
-1363818625
2012043050
-1985171028
-413443701
-2094766760
1035534568
777616755
1971987344
-73489555
588288393
-1009750138
2132889737
2136201524
1871395736
1883070396
1158463753
-1702931812
2042677531
455202577
1851327824
-187723180
-1364316113
212737102
-1587217710
180985889
820033297
1972324783
934999715
-332764542
-1900434858
-1202424382
268665925
-779602035
-916676748
-1043534469
-1077694182
-206167153
-400930323
-1174308352
1826154470
-1347701643
-1637228636
-609567659
1692688214
-1443727573
482545387
1279693690
521671913
1423684259
-18186220
1663997206
-1290315095
-184539364
1820519679
-363751371
-170069502
-3416405
-353058084
-2022552904
1540930174
2014842341
301881702
-1458775120
1974922237
-1122696042
1316926704
105231268
1535304786
403058235
558685232
-41730844
-1609071368
898769321
-768754516
-510346341
1963924620
-1616330050
1631231690
-1853343971
2107958872
1027699226
-1689638048
-1953402419
1832522996
-713863579
-1741816276
128184837
-193958067
-1817607314
-1814639489
-1969087882
-1374913040
-1829393278
95492193
-817671749
-1290713609
-2034089125
332166577
-703382295
1002935858
-1352195798
27221539
1781270070
966976770
1768034064
75077243
1821226441
607501010
-835360959
-101244318
-1003185310
1235726170
237946080
-687486658
-447691333
-782305634
1654113236
1213147732
2118159020
1171225901
-1206725930
-417766906
-47177436
-392064180
2032538347
-1745863294
1300252790
1252142150
825640843
581500882
1616249135
-1624332123
410245274
-711805489
-806005293
151925383
-109321893
266672946
835269379
-1393906628
1236226577
-507506990
2000310370
-1411700159
-1115545727
-1974626495
297216065
1186071083
440697947
2128115545
1787756932
1358980354
-2027400941
-806792718
-1551759642
-922645240
662981873
867983182
-2128056403
-539002250
1486333368
-1214139938
-728581973
-66896407
-2058391257
471468422
-1245385631
1164105630
584072334
700594606
1693383614
436118215
281390837
-547415181
-1266407928
1593856404
1220163163
865866972
1922265783
19757501
2147011599
1196305338
1677932420
497004992
532333227
1330489886
143766607
972307863
-1079793873
792220614
-1967343670
-1452979884
516764132
-1196545528
-218997859
-1166100419
1877296842
-992296992
-240334366
-1889501557
-1390410373
-396550318
1482364913
-1866428070
-1862276718
1407204777
-1522979558
1109286716
-1053426363
-1913258113
-629621625
-606478477
-1323559212
352767359
895306997
1981820346
-1047844003
-1570260689
1043157370
-1109412195
739225063
-1175899812
370823558
590738374
1472069773
1802520237
-595451304
789100969
1311307245
-1368621423
-2127876388
868028916
658267914
-1992541403
1566429138
-616715868
1795010355
1221700618
2046604627
717409608
-1737185071
1730827594
2097045091
1930294611
960373072
1634411246
-722886266
1242227378
696962962
-1464660647
-583579986
419973803
76295469
183914055
1656401065
16389241
-175020518
1802773932
594773343
-730389296
-2041161082
1687759938
-1586848946
-1385907371
1665576660
2002795325
-461657047
847339070
1991699223
-1098654509
-1825681591
-146712898
743812376
-1240312567
520089673
2125381189
643229621
-1976159661
-1665083867
1346312965
773534685
-1975159634
1172716502
1003523088
-1303039707
-815185703
-1946977896
1614841044
-1259407792
-529521328
459029646
-967959599
-1557032631
513601290
662818799
1740236180
854628491
293866867
-575834970
1221943525
129747543
977897130
-383136915
-520882949
-1822900647
-254706497
-2032317738
1819245598
1560716761
-273333797
-1022899540
-382574182
-1689379825
-1643184829
537205128
1828277496
-731969971
-663888079
288794748
985554886
155092435
-192617408
1769357402
2063597887
-934873496
-43635355
414436428
-1059767716
1673265336
-1336090510
1486893531
-1811831681
1903474907
-1799905551
-1266206392
242934438
-1461858009
-1558869430
750421476
974238012
752212127
1393023032
305110815
1093697515
1327860890
-1877346782
456329309
-1277059172
-476694249
160579441
-1638766164
412024605
1223174274
-1971502966
-723531565
-1104316769
1714103780
-1982493427
-2102406876
1271243915
-80016704
-321248748
1693789168
-678667530
-882744675
132471985
1448798625
1711053359
1499797795
1146518670
717224388
-1885003854
611662828
1952430881
-516574152
-1298431911
-1781282307
-943002486
-282890284
-2100898177
387945817
-2029602864
330378610
41155953
429142808
873355384
1457213000
-354066753
784006121
1929245842
-1814995356
1389383215
-1286595647
644186373
847375163
-285608356
-178408323
2108437893
-2139788132
-1620716126
785320721
1310101940
1834630971
432523714
637389809
-247402287
1273211334
1747692881
-973383730
237023110
-1679951730
-1593539776
-2003294394
601743092
-828791844
-1273678692
476789158
1746373174
1796180330
1709497241
1230738626
-1939568045
-211798875
-1716477678
-1234315206
1227025218
1905276824
-670226076
-606610908
501735526
-1650224459
-1767272694
480009007
-1843247176
595209687
602272233
-1154431807
1656864740
-1425055595
1060081924
485423814
1945390281
-369194287
1431599351
-1739244614
273451740
829341018
239124227
-631893997
-119376953
-1614319219
1473728324
-952480492
205567094
1506825159
1608009755
-1680399546
-735015068
-216131172
-49879576
-65388551
481710844
2045668239
-570359457
-1943143066
-791651193
1859444243
1920604794
-111
