-1278244859
-443538691
-386554876
1129711566
826701567
2144965914
1426272138
1878699333
-1614163943
1200886957
1548923048
-622716366
-1288738571
1169638152
-1251646256
401463780
1009821358
-1150188685
1018264212
348930917
-150854902
2073464690
-2039497625
-1866311982
1385423160
1303716416
-2129473896
-322588612
470553002
708161700
1008335744
1617462964
1011771238
1529098357
758222764
-2141602523
1067580318
1367798328
1540539955
-344259590
835175172
1264879923
-1311422871
-472971376
1930662432
-1160068200
1302605481
-1866354142
-1923501869
-1159154747
420000374
-1467188193
-1178402718
-1026701150
364660025
1186516044
-1160139037
891286762
-952870665
-972920581
-396329950
1543170404
-547772286
-1944324483
-859402720
-538289121
-635628024
-703100176
2118767923
-881761824
-2112088603
-1133163535
-266731167
-1185884687
1858513797
-702930866
-770832967
-537996574
1790506955
430993626
935210419
1216428773
1463439911
-583731249
706003416
-1528999721
-1877739475
464626164
2024225515
-485597145
154224622
2036891420
-1704327042
-770345680
1572572788
-688864457
798024356
-411818395
-828153405
-1542990498
-1062358561
2036624559
-1127641009
-1961332303
-1453326110
-1914729632
-2126931180
2126108996
-1222180374
-1294595830
-1540898143
-1431760222
-416799863
809154691
1503962248
1241397787
-671337090
1220726872
-650615025
-325065960
-153805932
712840172
-1680378322
1177978742
697177137
-1532883932
-907882756
958531768
-1183282357
-1270919289
690347350
1882407070
-1929936868
2107628262
-1459361659
-2111069868
1346074636
1418951130
1095175840
1246029317
129041693
167198513
910348660
-649932000
-1460414324
-786363015
-79940717
584124333
-1051170404
-1274007703
-632724245
1395579968
-480368899
-1182465829
1058733479
-1989454348
-1902363086
-1805539599
6343808
-1967971422
-2013598124
-269101069
1237070569
-479022756
575368653
823637140
-697167804
-749844667
-913285871
-802442909
55459924
1362246413
1032375639
1149078687
-596990390
1828532022
1246745431
-712222464
-1312044582
1418093651
2015538276
-1960077790
-335215751
1241651720
496989012
-509913297
-799655777
-368705868
2047763587
-621183634
-1577768596
934260660
-7884235
-2085748889
343166016
95374153
-1090000556
62145108
1366899151
2067271679
-87759245
-488406463
-365647041
-1541862269
1029003563
983058926
-347208756
864019128
-159589983
727776327
-264998559
-517499660
-2001826701
294612185
-2130209635
284518479
-459778263
-1613658429
1015660897
-985278938
1246274884
993200111
1305331718
879462825
-1983857478
-1339406746
1938969654
-1172147407
654680382
-1668150241
1836898257
1173939999
402754102
-1229816602
-106559324
-672084224
1825040116
1840975765
-1423315967
349891123
353235400
1011849032
-928156609
2083396882
535418788
1779063698
269200247
1365037997
1160407111
-451592098
-1298369998
-622170041
1104764702
1362886318
466012749
834850215
-1816513418
1712942461
433108109
2073414893
1775731579
977394284
-820077610
322500943
846266023
629961061
1750356829
-766429517
148632613
2027795891
-234249887
1741062471
1747477094
1712654969
-821797735
1724105048
-241394638
385829644
1042946434
-2109429755
-933659295
510686165
362505563
963879394
-38195208
585521610
1454019313
291100544
-868581563
-564759398
-2069882932
1487092951
-385171922
1393079576
-1233225518
1517859569
109066734
1637969859
842515784
-709740724
-1139327001
-1061399432
-33118811
-2048711412
1791209916
-1296403066
987559263
-1945991617
1588144298
-1163566249
1226436996
-1934528100
1636543631
-45526595
-1359350525
1784774378
730527290
-269987312
1987167125
-1713552382
-1577434149
1915263980
1046964326
804579154
-1637433408
1965024427
-1988452163
-279920664
169767540
-576862011
-355542705
-844364424
1959381002
1679246292
-1886864516
-1611034226
-286677721
-791332511
1240549420
-583749824
-615773393
390597751
-1318025846
-1344275191
-1664529448
2141342187
550615960
-562799715
2145111976
1109155605
1518550818
1799483158
31746146
-1283234851
1623445505
746926252
-1574095216
1727328614
-1645247120
95554733
-1157816808
1961495715
-815904460
-617146957
2068695807
1811094781
1132848321
-767901041
-67746834
1271330203
-497967200
-300629612
-1789128247
1334243039
618752060
-1517988243
217903569
945425604
-1742564600
-1712534469
-329049339
1036073378
-1007409304
855962992
1431704303
-985232236
1455995323
-2116109122
-245755669
-2023119969
1140316647
1982186861
751825905
-739570887
422645555
552344484
-934820185
1004058366
767714377
2021651684
-321399854
66947799
1956939168
-787644282
1519012620
1721103030
-1468110086
101632385
-97291127
-680817953
1058182669
550216842
373454537
834263470
264756886
543928976
-1067537921
-209840566
-549466420
1750888495
1944288405
1846805362
271355779
1108170307
-678631070
541185173
-1881643657
-817624121
-1696171594
1108683483
-1290748867
-1031101349
-833692802
-416081538
510051474
863629655
-1096678139
8208494
49782923
-320740495
1339812419
-231869322
-282190272
-1559102991
205897901
1741518761
825231225
-1732000945
-1610624185
-1952300626
1323891313
1500081909
1123674214
-880912191
1709496736
1474456568
-1515440957
-519325235
1533789782
1893210867
1327686108
-403058552
-1550733757
-2008773262
-47308676
-391249581
204171065
-1176152211
-2117546495
1650016233
1725651741
-593727608
-888690362
194296103
598197898
1761681239
1025709880
887589720
-338918510
732103553
1215133079
-187199906
314205737
-1950278282
793248308
-1989727105
1098262914
-1753812456
1114131663
656558697
382266471
1990311008
1946172932
-1038335834
-1795932801
1577036832
77244862
964747981
467384023
-1672792233
918451291
-1298490956
1557540115
-481002770
1755990069
-596670015
731408600
2136648221
-1380263825
1230491069
1307276728
-953708506
55424777
137280806
1914731656
-1347477457
-2026719156
721503890
1114911173
372577624
-1476532307
-178563302
567529888
70952202
567020582
9851671
2092280601
-390709973
-1135887116
-1060462971
-1091092894
-2108205668
689767972
2034644426
-302847832
-19377809
333028478
-609593749
-1673584730
-1549767196
1868014274
1091712598
1791573965
741852326
1308163583
-1461400167
-1858213942
-347120917
488192314
1832103681
-168762069
-1554038332
-303301886
-389484601
867610633
-65222375
-1872885150
524689446
-1973323237
1917500498
-1496653640
-738831248
483641357
-1616529886
-2087136881
1614101805
232431513
-1058111717
-1811039017
109924176
54609048
1884585760
1441682524
1945042404
1422951550
-1564328539
1471803512
-1667039053
-1288990199
382595539
-1919618325
651800242
1622963438
-1940905014
1463008792
553215201
757203582
1273126056
-312985811
-703725519
1104243869
-1110972923
-1884038331
788227247
1960664537
268606744
-1237293768
861214475
1158980840
865456239
-1151271032
-386079582
-655723868
-918998592
-295826511
99261511
1473914202
-302131361
-1072859988
-1547774383
-1137138183
950487492
-977693747
1761791354
-911911892
-1598380153
-1600608756
1748453007
713851582
2022036425
1919340629
1226083189
-714242819
463517354
1777644285
748515243
-1059698116
1940557505
482119411
552037496
-1689875861
-45788780
-724567350
-440809749
-1301511285
-2020533597
-1263524121
929417769
1936541042
-2136363558
-1797082881
-780529998
-198537872
1105725174
-917173740
-550317189
-1011338085
1995045297
-1897895396
-1681300122
-697095412
1788994345
-1149217654
2030344665
-1066662611
-1108317576
1846390149
1051481473
-1760094441
-880128001
-460301007
969024816
-1049353558
-986951959
1383695599
-1096751572
-1272999390
1717505440
-1973926960
-177897542
352274001
-246604377
-1864692801
608348689
142406282
174918908
-1188068358
1872873682
2021656720
-268335739
-1122828303
1412616495
-73845274
2058452668
1562739262
-213040105
-1592692850
1287290203
2018595305
-1505479040
1288605498
-1786846090
861478448
831482290
2084536143
-680373092
-1143032860
1558934159
1136785387
782638807
1819558251
-1445792519
305384185
-1367883025
-1718998281
1576200452
1319223250
-1927053173
424374179
461108826
843448985
-63113199
-1430610485
-848111035
1464343934
-1118840070
-1163831533
-1033772438
1391494746
-1171608591
-1490786853
1812820850
1480703098
680890368
-1928437759
1594728997
1311306534
158805788
-601694600
-647045975
-88584319
598319835
1779187069
1270587918
-484657989
-218007085
2109076750
470895475
1178673025
1682490834
1462074240
522314740
642880740
-1624228542
170113586
256184635
-1416651822
-1887933458
474550747
-1644557099
1227508707
1456796237
960360370
-1736660095
-217323239
1363924974
2051142037
-61901169
1640960105
-569185712
810261053
-992160695
-666012852
-1355993625
-632121736
-1349435462
477767258
-95789345
-208236426
806392223
1534688266
-2052423385
-1879796277
1382570411
2133356979
872907147
1318914875
1432438228
293972810
1657202068
96219236
1532074928
682492568
636849361
-1410910772
-1408057382
-60907597
768573399
1851777123
-1493446692
-1272010521
-371862876
-1786724879
-1341961704
-1275953841
1303679972
-756815314
392807819
704283259
1954205127
-686398674
932166645
-383811718
1055299262
-1763054380
-925343645
-1496413529
-238604007
2058848028
-1212446515
-1954118038
-910738234
-870026921
-1654085869
-1569117082
1907423063
423345840
1469894704
457288207
1245613056
-303138086
546166260
2128793448
2001237092
927752122
-200511988
-276903936
-1161565829
-569960613
54488234
1215982251
985883511
-1475210412
1956252338
2063471522
1907042996
997256859
-1309720685
-788131114
-1349781484
780559441
314845749
-680220908
-1008360007
1819660969
-985430206
-1915253920
-1621889306
-697741370
1953774857
550703850
-51953465
-187805790
1318383844
-496708168
1798020076
-1109731915
-1161908053
1768942961
1562346050
-252887942
1093708982
-1069235851
1134361460
1217955649
-437846567
1343644504
267821419
-814790219
2036236313
-980452304
-389365001
-169928498
799521241
-2131179560
1246663694
-1582394796
573232435
1117987453
1133735676
1374679141
1019127448
-1433983965
42476136
-1669714832
2062862546
-800305555
1756910815
-1137002927
1186775507
-1356216375
-217320533
-1577994518
1036008946
1599252733
-687295863
-81074757
-1625664008
484432063
-665346320
-310055987
659286551
-362186500
26262961
-694592825
747571446
868344470
462339307
991375210
1642817501
864301921
1993126949
836888037
-1012011671
73951276
1519383825
38215655
-735754618
898567053
903867506
1587337148
2076545638
1865838990
2123239565
-1629870682
-1810556746
864781245
47178957
-1594059719
1627657020
227024363
1378682870
2135688171
9536863
-1911489768
-893168488
516890882
618604170
1304769008
-937225298
-1300076687
1091983522
-936296327
1766144673
-1306282293
-1379913438
1264036115
1667087742
1839495113
762483136
1690378167
1603005967
1486114845
-1493937678
730219773
1907027579
1662412428
-566594298
-2063273087
1321479851
942881068
1910535509
137567496
166068258
60358542
1727896312
1908487512
1180709935
1931256188
427385896
-1317130293
-22491865
42809618
2067857212
2007960550
929742497
1118579073
687854158
-817106605
914407154
-1235500226
-12774627
-1068180310
501098104
324433314
-2030014154
732945462
447209638
771790960
-983577629
272817023
-1325437945
-1708737754
-1248330386
792395996
222424162
347770265
-107826649
-1816946202
-1413658502
-1111
