659838205
-1056547254
-1576407278
2110228908
-713991006
-347509391
2017045892
-1307566360
825645392
-118789716
-524461970
1480065070
-342446796
-1298053519
-273988918
-1396229230
-805486091
-862829201
1366573755
1386799668
485228535
380208225
-788763209
-2017649317
1868453760
688724351
1390406737
-1293823119
-1815029420
1877786669
1306909140
-2134647957
1007673100
-1340468039
417543216
1057669787
-852540687
471622062
-1097868223
-407822344
894249328
-676201480
1745856632
1486584017
-50210441
1441869511
-684621363
-2051033439
-1801542548
1417329115
-643393579
242166102
832429732
1416616904
380870482
-2137711226
1827006721
1478356996
421405279
-1090780991
918636620
1519491822
-11017683
1911231892
-1582445082
1820558855
-869644602
598652855
2036650108
-1605325585
-362553303
-1394790142
-1749126064
-185583177
373945713
-563470578
1834091822
1041821825
-2016401773
-371563186
1073044362
-1643630955
-388489909
-500518051
897407198
-2086898870
1526418476
-767911645
1566666154
1169522549
-1868513411
1338911492
-1876675941
1661730924
-983499113
611858001
664998307
603114701
838466550
-1610676555
1202650439
-642535102
1884624082
1779284123
-1433388364
1031392519
610345829
860102909
-1453901777
2130411052
650288637
2012691955
-2078509067
1767235066
1587267350
-1590411534
-1030650214
-1563702005
1877930001
853022325
-511376035
1918538182
1683802048
1607311333
1715191968
-1537867133
2084617149
1338266728
-591340911
494813902
1718445918
-1678668327
982450739
1782649136
889919326
179199217
-1691042870
504930547
-2040899792
1543761018
1356184343
624560521
-2141416597
192444056
-827635276
1090863517
1856293217
1169082760
132497565
-974607541
164775917
-223716547
2039550084
1470771561
-1334345758
-1614156291
979262190
-817368141
560915701
1187693987
393517368
-1411218654
-1746936452
1768319945
-106277159
1851960908
-2122988720
-1151532053
-1966442271
97312498
1737159830
-1627508718
1455822428
7603512
206173064
176326128
1895129363
-1937894310
755406937
113742370
-104227264
1886130267
-749646004
-633311804
-1114493069
177711292
-1635357760
489480997
-1992906490
349726249
-136607875
1718165612
-1106772570
1606575919
-1288899997
-93847946
571126838
-147805353
923612488
-399911973
-430165523
671936949
-422010894
1245829749
1637159405
-1383652566
835644214
-197385771
139103835
-500281228
1517611082
-1359604067
-1039075134
798834219
-1044364549
1220252918
-710852076
497844602
1104105389
674925980
1258525659
1348217886
-332468603
-1012974860
-824117292
2045184370
1341160064
1466622992
-698478106
-995005768
1142016376
2060923774
-14621026
2131067648
318324138
-1177020152
1801696795
-523283025
-871897668
789463202
641130977
-1714802808
1887677833
842798350
1884547052
1959900964
-1453613398
-1844488634
841181539
-1018657216
-1282920428
2052144179
-1277672593
1908824012
956934029
433007544
683784341
-1652571046
-590968268
1435368271
-1892243347
1075416631
1472994362
1494861964
-491005953
232357342
649261499
-1643881794
-1572386084
-261697784
-299266098
384047253
952282071
-1634980655
-303620936
-2073719693
-366033979
-1347600938
294133541
-1656653658
-2079718148
803324258
1863799020
-1675002730
870064112
669531047
1262779920
-117618618
-1828147306
-1033752016
193688948
-1931845178
726331345
-1240729513
-691205775
584612184
1937540531
1658981338
85729363
-2122035843
-2004264679
-1637482032
-406792803
1265311685
-1296925574
-2123038221
-491542256
-1354188239
461514000
-1469983695
1225965661
-1029045802
-183323402
1011121366
-296536394
-1944707753
-1215639111
-894342737
-433029568
873474013
99650994
1732914382
2107363397
-1903987123
1068867722
-791032967
254651825
812412031
-1063341966
1508808589
-170168772
-1882202209
1424468110
589537269
-1997347907
1045630179
1942430600
-880039708
-1130494016
688266463
1722999716
435141711
-1167016257
-365741964
-1610130925
1205027679
-2050841262
-1539036071
670318802
-2056276913
-2015955761
-1894735849
852509325
68800301
-1340837957
1529272116
-1472875722
1388472649
-1395694391
-790558740
-1635100636
512019259
-1587036396
-1688649864
-1831583306
2004130683
-1497553512
26072530
1895674379
-1877123946
1396386971
1783132904
1424627660
-1939506989
2147456540
-375807447
1224610936
1522982558
-2133024355
-1057294213
721196490
-1055969906
221867409
-1385576600
1281031821
-1139182851
672294740
420241868
1466851115
271807690
1838926794
-936119835
2132000002
1847627970
1296578454
1674369844
45444235
-554948838
-550156172
1435480266
-1664124879
1056806652
876629011
-997934536
-2041243076
1864354706
944046943
581699041
1436107902
-2006034147
2118676328
-1495527588
597440667
-832952309
-1768835806
1076425703
249573970
1345827338
-554497122
174470523
1730616649
705220515
365215340
227872941
-1984208949
443814612
1481915382
475095294
-1171934825
-1306807074
-1647757437
-141618101
259130804
-1228533218
801299019
2017079673
-496663983
1930016591
439288408
1636526418
88574414
-1854997188
203264822
-1457307727
1914687972
-801557104
-1416505500
1950202864
143363534
1363765243
-292294424
-1013928028
1753982511
-2016633722
-1543218946
-911832396
-202506229
-878199926
-151818292
835174201
-2076976945
1758656228
1602166793
801420961
1863789333
-1760114508
611879923
187848292
135342373
618429895
1230229331
-85257450
-377240309
-972794593
-2078027570
-1880713372
-194491986
-437049108
-1616633654
-1598425721
564461922
-1840665191
2106780492
-1588433189
-194252500
-1846067874
-975374495
-1799567914
-1723556113
43660602
794671176
1359684625
-2120029497
-463478882
926248338
-1616146946
-1741883231
-757730211
200758389
-557783140
-32364878
-950034040
1781655229
709921168
-1642785067
675293949
672345311
-1101634364
-970274877
-1788013590
908795319
890353568
1691401488
-627450393
-343011578
2132562353
2071738067
741299355
-1948698980
-182556434
-742098007
1528850858
366688514
-1389298289
153759721
-103898773
-1847407376
1346424854
-2053259635
-2106585125
1190488180
100918049
589746950
1839785187
1987052704
-1336700248
-1051795700
-833976085
2111040369
-1728235954
1093711191
1969899722
-2034132444
-413444129
122630521
-666791155
1029943443
-1387694654
1452601292
-276183874
1573646974
491018675
-1809901788
239436684
1225021074
-2050426236
-944427059
1009364480
987113877
4453273
2031095135
-166210198
696859738
1545832328
1582417540
1432111588
-786619033
-1327614829
743489017
-2069776055
-339832604
738187834
1033353785
399268369
561685155
579824768
-1321398667
1378789201
-915250130
660552161
385012745
-1530286275
789595910
-367411605
-1175310005
-1265963703
-1375619785
-316864313
547599120
112834653
-1611222925
-1300844747
1663481060
134627038
-949386125
-627944753
-1894131272
-2132012326
-1695513287
-781404695
1799787439
-1336260942
-1797529210
291331678
-1844330975
869472748
1931576100
-1261908935
97731754
-1703594783
601423252
172833807
376888313
-23038213
-221671190
557579691
-1408775522
1210601698
1825323221
-831433028
-838221305
-951733674
1443089840
2078079084
-1950300740
-1363507501
2962528
793576314
1036657719
-1848065542
1183424542
-1756521331
1973977233
1902049990
1965351347
-1758523037
-735778365
274504284
1769588693
-1115386689
1806107591
1083151915
1253478743
1252874940
1206271831
-1813135865
1344498787
-281363099
815145811
1733007449
745342524
876892784
-1058036482
-2007839192
-590009043
-1845688842
2050592689
-818272333
-880049906
-1826973826
-1951269224
-487515773
1823486713
98676521
-1501895399
78700667
-1111304955
635994435
1483449845
774188534
1467956557
-605944691
350862523
60712198
308966405
-1425820765
1193965313
436168368
-1768835759
-1512578037
-2055226481
-698814861
-1891794749
-829511103
1100080068
-1151042012
-1550140523
-1726001738
497591135
1330699074
-979640692
-540259134
1667563887
-493741059
-527156913
2094789492
-191995593
1722237254
1901019226
-426279711
1926535655
839345843
430305157
-1662858753
1202265934
78150700
-774620766
-234969747
-1450099991
-556690583
-233797533
-1169713154
-1198304277
1110097089
-282636816
-1190966115
1335969549
1128035428
1293722821
848201218
891408623
1741724676
-82443934
-427973968
-386202458
-1394144508
68022238
-696143862
1790956926
892315662
1075046369
-1457253978
-152916373
255596303
2048535339
699052806
-435217411
953873734
1318303271
1622593127
-1911782582
-2091997697
-547077792
57687760
1070328771
1112649281
1508135158
-2125502587
1115870942
-1105550511
872109501
-891837008
-134928224
919708777
-174990079
97801803
709894236
-433493597
1541264007
-974492909
-533175902
-770842895
-1538601087
177245749
-135459958
1905938743
-721388557
901764699
916579052
466168639
-381092260
1760496780
1836222644
-175161131
-531006159
942309264
-779041693
-1688949561
-851530054
1834641775
-1450189938
268254525
787446182
-1475747326
-34669924
-1846383019
130524737
4220585
256159003
-723453505
1676451331
1967123201
-257071551
-988024869
1046363141
-616988496
-916514323
1742169931
-55202226
759859667
-326900632
-1582516235
164914751
-1554743721
717079275
-1424341440
1879381825
-1384038353
2096455092
-1057955135
-1286550800
25559084
1817566612
752923657
-1794507354
938914325
1738004325
412595307
-640691791
305926565
-1979890919
-1138508463
-1551151508
1677604305
882934723
1586111852
1898492259
-988432507
1056473425
1304882156
1578028766
-1554684939
1874055286
1772451179
-879328844
96371180
1665985162
455399587
923020464
1425123056
33126216
-1738950020
-1631237629
-957474142
718709925
587184798
-2114712130
-1636709401
1182043915
-2043907981
895685359
1217123704
119716425
1976956661
28516247
-2060217880
-1180722682
-1726019160
1043657610
838222037
755837518
-157634341
1687759174
867051
1699518389
804879959
-374332079
1500427660
-14485625
2027051559
2143033617
-89450013
1774785130
2054741449
1192693904
1370023514
-574080604
1695761071
1513035143
-2087639700
1162228217
1147264200
303717918
377385040
505555778
1290414210
1497730617
-1648327239
-1165702693
1014458053
1644037959
1908828966
684014897
388155558
517622274
1862345917
2009426445
-2141901508
-347970125
-246351970
19342005
-1384878850
-358975240
-1009827906
-553881982
1982740323
-992918865
-2029596074
-1227561952
1418886807
-1890270608
569177394
-1874194425
1030714395
-508631012
741138689
-2123567506
396432696
1296848478
-493365568
-1749650734
1061570359
-1339084619
550224930
-2007162399
-267549331
579861912
224557019
1597093940
-1475667123
-1884383586
-1606719931
-1754995801
-1832193166
1649748060
-323879372
-975696753
-762318475
231687246
601001084
1088105765
200466687
-1537802350
-1797279404
-42354198
-296554492
473572627
-1933941500
783850383
-1849049545
1564046453
-687961081
258422168
1771369758
-1344015363
-840557909
-1553628972
942111085
-1326428209
1480903357
696332794
-397138962
2060864634
-282173565
1800139475
1833176909
1344947145
-954631252
344763496
-785746467
-1317226024
-2104425836
-1070736362
1760041807
1908406805
1724256257
1959460774
-1190114460
209045722
-460031163
-549516526
-150903345
958866531
1791748994
-1244269982
922942195
2011698477
-523273152
1392722455
1184593632
451513725
-622988531
-1027618899
-393256774
559635222
-1818983884
837830868
-1506008115
270542745
-125952321
-11111
