-572209714
-387461391
-985408847
-1633507241
-461135584
949759378
1367664100
1835562970
-205737876
1956509
105380140
729386148
84471105
214569906
176700682
2073598338
-240435207
1249545776
-1125520319
-1966524578
919464761
1953830932
-614053689
84364687
-1975416611
694372587
1923751937
1564445402
311400378
-2049687289
-235348000
2066411062
995267990
688552840
715537100
-2047910379
218476073
1343728898
-1267180486
-1364766076
-1514277314
-2088192444
713338123
-1842181062
-293652362
740532919
-161928917
99736962
-283225641
1132050886
-377208297
-414186502
820190831
1028628568
-1211280149
-767979837
1985738075
924682071
2125442676
1994774790
-1391151559
1932094797
-387309641
-1550642696
1680041013
620588936
657793466
-82357316
1086084147
-1657001674
-378434654
-1117204883
-532682833
-216718271
-1109273156
-75563204
1433656011
1641765686
-1103106610
204404946
-187031642
-1317025996
1019321760
467975266
1918323558
686949164
895319337
1029415281
1754960496
-1180108251
-1578993648
1974980449
1090082054
1272293659
1907614403
-626867008
414202847
1392635724
-801366623
-45289169
-1363417880
454913419
-1754805648
-1988731945
-1682235659
-1908770516
1169920123
870342236
327988978
-1954735854
-1848217275
-808817761
916116489
1207835145
-1083003532
-1487148839
-2029656960
-1700516707
741816302
-14871151
1814108768
-2076895837
619428749
14747063
-856525175
-1121914672
-169791478
650291083
-1331140793
-1832288612
1403059434
-1558782279
-2110328047
-431519949
-1422610756
779463466
177108520
-1359984512
-1550304240
423387622
1931341503
-81987218
472439283
2049635923
-1466771218
167139118
1042440021
-671198829
1141415014
-1052358379
-914539723
-1205224461
-1223063641
1922141768
-1614874880
286348406
-712811139
-1694793613
-1316008554
-1167615481
-44994481
162914884
-568079003
-1701837611
213799161
-1593916993
97783433
2083040338
188680136
-1242667171
-1956088121
723321347
-378936164
-342403152
-1040871997
-1260152530
27973869
1178231399
1331028540
1808334632
301425809
462472399
1570012505
-1721129974
1022628915
1970165860
-1881544450
-1598237741
1060997899
1950209116
296599966
-1403863792
1808212301
1058610738
-1046553094
-374895742
813764699
394242487
1789132933
-1095921682
-625463779
921495968
969350902
1525708542
283196104
886100046
535638851
-2114743253
-37634638
-743677925
-1714641934
1890400585
1999138781
1012157406
1784952000
1279336133
-2136524132
-560224293
780439234
-1671701449
1761657459
1726523626
1379816060
-271486853
1731953894
2020964009
-616121302
-295642194
176980960
608111372
-1381704938
-960576041
109806360
1692672839
1782141584
474560672
-480062476
1073102769
-923619076
1409705969
-538136064
-1921076055
1522553527
1691388123
-504352651
-826684674
-241838139
449887351
-1494240003
-313921294
-2028918860
313197958
-2042952376
879032841
1553270261
-1929554762
-80288595
1438478339
971650789
-1626104665
-586400333
-735448434
565785589
838008490
-1624186605
-1102272215
-1922142191
-1256325154
880529818
1002226146
1146825831
1723061343
884416505
259261401
740613314
-1764969011
-1293854710
-628986376
47520840
1479888016
-930054895
-1706432398
-853790352
-1528092493
958961277
-1782315888
-443014444
419187121
-1244148964
-1382822332
70409260
179025769
965349338
-890917828
1189470616
-218289557
-1438227882
-111194374
1065358769
-838220656
1806145146
-1868450997
1278086188
1455413719
-731729536
-1306578349
183005320
-974141432
-2029201066
1212653848
-1978664776
147316710
-2070753757
-1538489903
-221484437
924933406
1830025151
-805354399
-872403117
1849716703
-904723817
-1450469769
-1629324739
417944493
1798180139
-418397154
-1198392718
434927994
-724541069
810887521
-30269079
1116454717
2123351130
-1792364472
1264907953
-94717715
623333793
-953981787
-1657570219
41683058
-1035868424
-1514467091
1572250495
-899823984
-762961514
-601689616
2131939482
-531170356
1888873247
-2009565784
-1231556274
-1530386562
1911788931
577244070
320347934
-1969169960
553551623
645793458
1539757182
-596878389
1702459438
1302826014
523416014
826763253
726416919
-2111466236
472633916
2036396372
-1653397037
359923299
-1196904902
-840433927
1498280536
702982496
-1929670033
-58158839
348140078
-1325486867
-1544904009
450468965
1339388818
-671509347
-226726064
1247678711
-1864708627
1012708057
-1265952470
972747369
1478496363
-897679322
-848296484
-570129854
1859289335
-1202713598
106571058
1279555200
1923294604
-1494712916
102810723
-1516551258
-2044025725
-1785420787
681899077
2065593267
-600003039
-110324008
-300713009
685117295
1788672440
-55482694
-1801888115
880482187
1858589429
-1586176545
-1856180246
-623309811
-1782565384
1129140263
130905843
-1699445432
-2045412526
-1139311389
278619514
-1202135927
1100125682
1074298160
-1679091363
1764680722
1380506947
-577649046
-57396211
-1828802503
-51876751
1842952651
-1266713332
-826380594
-1063777146
-1429781078
-327854425
-1424993847
1119793847
267195348
468632274
-19823238
1668320111
600100123
-944047972
2019309970
-1653499922
-955389991
-393509255
2053028633
50321951
809994414
2092501142
-1016489144
517411154
1233843129
47344916
1368844379
-1088419975
1061686205
482920320
1877767877
909994848
782623859
1707718342
-547669749
-341295076
176775651
-1759881110
-1719818081
760076137
-24909642
1921306014
-1082704323
270622553
-819192060
-1960161270
-476644930
-724369912
-140329444
-271854104
10419168
-1277264161
-1941606321
-337951164
500379236
711167427
986825658
-1897447827
-751764575
-545683981
410659215
1815307458
-1653467116
-996465
1320093608
244273079
901536403
2092153535
530438101
-289540184
-316627930
-298245613
732453169
1426046178
1615518255
-38121158
1498796060
1888550027
-1274745790
454996704
1098929986
439301033
-277942274
-187761701
-1983889523
687256721
-183613875
-1662917282
660046236
-81073288
269866537
-2058060963
488586348
-692375027
126440525
-2092959926
-415676481
261502443
756914959
-683725176
1871172480
1948117587
-369617740
-814379801
372054402
1515065208
-542166707
-169237805
294984649
-899201927
-802295299
-467320739
701200210
-1372541493
593264500
-1018354831
-1692449925
-1641928280
229626659
908210746
-1135148658
-536276365
251818099
-392279614
-587816833
1828296137
-1118295228
1193187591
-1336309442
1587451837
-1821441124
-313684455
-2103262781
-163961072
-952169971
859722358
1690639940
-1981250941
13327452
-580135239
1965391678
116895135
635841267
1519218940
1788420913
1650823919
1405735609
678627210
-1883109545
1121368981
-1951857306
-279261568
1829460069
1771540946
-1952972219
-1586326644
2009592291
-495307230
-915349983
1920375505
1026879456
-861740171
-1986733176
-912258128
-1469952351
-1600855005
-1750280900
1716841516
843291629
840045981
1003139867
-833900863
57325045
1319042674
-1567754466
-1038856538
1328455177
-1010994997
321737187
-482805034
2017482734
-902840115
-91796174
-311929707
-554706563
1305905106
110888005
-497337574
-1851585342
1274739045
1242688534
1315448582
2017517683
-1944598673
-1549292578
1509300561
-74291692
1232246619
1907688886
-1304357593
-1713633827
-31979947
-300102077
1914842683
1378925747
1644969300
1800533767
432874451
1346465045
-608037310
257008926
1387630425
-894811807
288018380
-1783342441
-1290953002
-1778378321
49304231
372780708
-225418655
-2027942398
497812913
-916056544
143239206
1602420416
-148098665
1228160139
2035116412
-1500040013
1701723
-674796516
-1349466349
-2090725064
1284625147
-894073381
-1672047042
1642843939
-1199525711
1433078581
-27166015
-264809429
383226174
-1852459726
-1604479089
-959967257
-857227648
-793371082
-1825323170
-520622889
897159335
-163940005
-398955616
-509652660
1768931641
-708551649
-1255684176
13709189
-1777774474
1434162631
975302196
1739400803
-619447762
1620056250
-669500256
-1349930666
-979289726
-1974668770
610167106
838363708
-569385434
-1637985494
-867099141
-681158747
1786523561
1059891608
709109082
442126324
2028512009
527353840
1663707233
93546410
2125537244
1481972978
-1566049948
193557269
1562038866
-638583174
-1853525875
-1240361279
1695715846
-139264041
1890441623
1428744090
107730536
-1623762008
1496444866
69671749
825374956
-610309333
-169522
-1797568070
299863160
-465752080
36837161
810859403
-1148682198
425585507
760908670
-983970470
-2058234880
-27473877
1827036246
-1395728930
1522540178
1952354717
77720987
1150242624
11804499
894991699
-2044998512
-1585801078
1529193762
-750517476
2099879494
-508074823
300876255
1268892974
637442816
409912078
-1925509430
-1817343675
-1652188560
1149331940
610779613
1575305524
-487542597
1140393116
-2073079554
-1111154120
-1347396683
1043829964
-987109417
987418400
-1589363346
-1893276645
1593436991
1485934504
1855417016
-706084144
884264585
-1806067441
-388348350
1775425978
802846590
1611425710
1443622555
547211689
2137862894
-1431296514
1235564632
20274459
1677474184
503063852
2115452043
914360167
-1783446440
1396729717
1477408026
1442444891
-1149390766
-426625390
-1431082996
-702746009
479835141
2069876029
172352927
1624788550
-1340333058
2043481902
2028458723
-2036668059
-263698893
-2005183962
2137425983
917585317
1640183665
-1969343024
-766919568
1241088720
-1862770683
914328958
2039677488
1563417888
1648392076
752113341
266392432
810851899
-207807910
-712719619
333917874
-1058105870
-115676034
717836441
1970258833
1563128399
1865174911
129954390
2102636415
-31444654
-1198610737
-2083239832
-299841472
1336647499
-1081332716
1622272009
-1050903579
-323163800
2091668240
-1803569685
865483321
2130721945
1462026068
-2035725217
-407145836
-1590462566
765249384
-1451002397
-933289910
-1683690918
2014677567
-1217088524
-202971328
1386096294
-569863297
-24979316
1859108885
113041624
-837873653
-781734045
-1921239832
-679747349
514036400
1770959813
87960899
1349386463
-2117048554
1100864476
1519275022
-1444069248
-1612941032
879456287
-257762777
-834673916
-12007686
2021847816
1423459278
-1535794913
2058380882
-459596964
2124228124
-1702959028
-413328935
-979445064
-1563170432
-398447274
-1180535855
-215255245
-405016583
-1918678457
-430863275
-1146768425
-1112256328
-1645678298
-86555451
-1253570218
-605412273
45886136
1742150965
2110516659
-314285342
-2117474317
1146394472
-158323551
-1084273053
2011079307
1639787788
-1755426421
1655271488
1825312121
1667552182
103882507
91498185
1536742587
-1371074623
1050547979
2064236381
1253862989
1881054089
935597035
1308304720
-1737950440
-1356490146
601944248
-216589165
790967948
1309695051
418398602
817696620
-1355253651
840217730
771038508
343763567
2041234251
1125112910
-590285910
-549877482
1910171477
-803411862
-993429389
641020506
988590355
-47330090
-1105225318
97232046
-1366217956
1081668101
-1957066289
-1464192139
1256910183
-1597154991
1495390072
-1791856052
1569750750
1478447228
-1445096103
656798469
-1041316434
-1210075358
1046189237
1568510155
562923168
-1360014409
155101970
-1506915043
-990382240
457422428
1057295795
-1554137862
743136699
595930848
550418328
-100138022
-693256070
793334004
876929841
416899605
-668030936
-1230338210
927240982
-1943187595
500428607
207174370
1110321648
-496686722
-2016107859
2004157601
939266772
1
