1842576324
-612950962
676758520
-1434361546
-850876692
-2122191053
504528506
2111979685
545545128
-489344598
-140882207
-277612561
-628071657
-291301113
1290744411
1851205276
-786877035
-1017431171
1923445950
-792099111
-2101576906
-851942093
653833720
225757439
1060871098
-742589169
549275039
-1525874777
-1869324482
-1703937570
-967800449
-1263493795
1950457612
325870901
1726641738
-2017722161
740689648
-996839188
-319678081
637702292
-1360862471
-360637525
607596417
-912299947
127730336
376137081
1530056340
1573885191
1165076730
2126779182
1521557029
646439303
-216167599
-64420588
1803951795
1991783285
1872225335
-1226893072
1714389880
-378636643
-391933563
-618946548
-1803183485
-397731155
681068390
1152410536
-2116205307
1744379729
-521810345
-185845580
-1304625169
-1449414588
-1693231622
1338123393
-1652097907
2120438397
37540684
-1886842172
934955257
12361628
-951028946
-1729751099
-1012070362
-188050427
-91350616
1521698345
-1444824293
136211080
1426780826
804590315
-1856398915
-153155600
-1791290563
1278233284
75889065
852621570
-1044174716
347248072
-2135242729
116915858
-569099726
1805618309
-356248948
1487874445
1553168700
1540643679
125869589
361531345
1649418458
1190393998
-1012690697
325017712
-1064736621
-1322391623
-906024380
-1508900656
1619427809
143756963
603622356
1967921330
-1098732652
1342183836
1679069335
707962384
-122728411
1745809589
647345878
1668379365
-410110146
-898843982
-1999431699
-58318585
-1390033327
-291835160
-1817939615
454346450
684806274
957222354
2045721705
-1551492384
-978356180
1208364040
-127346930
-1403047439
703634771
-1414373236
401718690
1174718961
1703370976
-1720679247
271306962
1927030740
1593651905
-197420174
204320840
2046526150
1701639232
379242424
527770178
-723778911
-18503861
614649781
-847606618
-692106894
1119301364
1323053612
579304527
-759524780
1332420779
1495255555
-2135801982
-208052711
-1268013896
-356776963
-266302450
789163530
-140876411
-1485528730
-168609316
-1144794736
-1218866588
-751890843
-1317205416
949994103
1237904583
1281181208
1134985532
1086984478
574155875
-75938367
1352715432
2139775444
-1240077042
1881346888
-1068908905
1951234331
315453527
1186156658
-1109207962
-35334505
-697340485
458514126
1543327734
1915610079
-988957890
1106515569
767385511
2106765156
-988064222
882903028
-1697228939
1142307288
-1521601861
-1407298975
-1344145228
1138643544
-1362854405
-1596651471
-1326134491
1198326425
-1368365923
72491498
-1064204869
1274776462
-787759879
-570031073
-2124577315
-1633095013
1695925957
-1744661569
-1254598310
-1720836776
1453128614
-1294935583
-2137500222
1460239845
14086104
-911263417
625885775
1800687589
-1043840371
-892718491
-1139667317
733177256
-1803641221
-1992182053
-1334141927
1502970437
-694236644
1494028257
-2025679057
254888376
1179175146
923750849
-1023648276
-1527465592
898894644
435052549
-1885930754
-463980357
-383406457
1786675883
961948534
1124544786
396545850
1288997356
1478457755
261111455
-2013206827
1431339904
71197806
1863248404
-587841689
2134048558
1577162603
-914295206
-1274252967
-1131486743
768816321
-927384436
1595340189
1101646761
1722690743
1545738449
-1492138571
-1071838224
-518871672
1237411421
932973537
541664588
-1193577057
-1288696553
-1967463404
-370285804
1419160304
-1686692844
1818242056
1996029161
1094918942
-385583040
1979540641
1037912843
-1181403746
-1792468933
842703091
-83587937
-467375518
-1194144047
-245266428
1127070118
-1876671708
-327963850
-1220778750
315222349
2089423969
-12000775
325797742
1084868207
29486304
1618168868
628175718
1418564173
1247055493
-1298959835
-2047122658
610909163
589330435
-388290395
1327797996
-982384342
-804783298
-87638646
95843591
-801298915
1043752642
-1309690845
-1247085742
-1315751734
1633566641
1403719971
745537238
-1011325796
-2053994629
-295356393
-609305531
910579606
-476244300
-521316424
-1751549461
1558591371
-772537283
-937270004
335623628
-679664270
-2135941592
1572055605
-1145739159
681398921
1260811100
-119086852
1039127518
-1186093828
1309075855
1351999536
-171023111
-75896035
488761376
-740960164
538780417
1453171258
674697026
1828331334
-1410190956
-864335668
-1704001129
-924545498
1390272464
-839760812
1147288328
1255500756
-1917793887
-1975167563
1825504111
-1423119538
-350615636
493067416
945831000
-573556907
1168076850
1678126551
-1255687017
1126436608
1454499601
-424397285
2058163870
1422848640
752861163
1056944100
1001646486
-172695783
459746357
-1802721541
-1692724684
1256102934
-777339647
1370819769
293007938
-1992386700
1766454285
-103080387
-1253520698
1921339621
1642062624
498882288
1140138787
1366776175
-1314267921
-1000933763
-572833430
611769398
1251489316
1093931976
-2077248373
1261616549
-1282730713
1529365428
-1954813229
2058176293
-1648536957
-656618747
-505095271
-250846505
-1365284097
45311211
1016774582
-521836181
245660983
1809225288
-65808008
-772375138
-1379705609
1586008792
-621523531
1132427646
-1767001552
-1711099463
1204095818
850159889
436152858
-1435012931
-1646541438
1170447020
317110055
101255908
1310063402
1124677258
118219250
1137089395
1816727086
680161271
1806838032
872534766
42561095
-1337836139
-363039874
1536113447
-5582668
1246341559
393383389
1438846004
-1835305111
-1660572701
-1381319028
-348352204
1216121757
1770297060
154755884
1037179861
1335461014
1216157014
1309188908
1143966175
-710893214
312521975
1551511344
-235316968
-1816235862
-315358094
2020938118
-746173523
1065248968
-501334245
1321308120
-1769890481
-1013804539
-1595766365
-722134485
-217594054
-672908018
-2076918019
1483754532
-1425025971
-862991279
1042009085
-248447617
-533510411
531467569
-1697407915
1970954941
-769225693
-1039556866
-1595893809
-74105717
846463096
-1020465973
-217666147
-282453393
-1672772377
2035889473
-1089081078
-1074288483
1769513613
509223790
-1296120016
937890550
265371868
1179481910
1709154612
-1765772437
1823401900
-1983627931
1744718676
-1442753642
-431713019
954144983
-1528903729
932658634
350429868
-246965615
577354656
981490776
-1199687556
2099817181
810838845
-1600902524
419680852
1971847220
3950233
1895183682
-1839705057
-1096636040
1126696762
-2097878204
-150393195
422487559
-677357043
894860929
-1492642925
-1348235853
-908976500
-430582986
-1308575090
-1158919754
-445894216
1154580728
521876629
371449033
-550843806
-210836480
2117915269
-583058346
-1438488883
1588804886
957978476
-20563949
-467908315
391438680
-1264042504
-50498741
1595310675
2051439553
902483358
-148673215
-1153855343
-264348126
-1505903115
2007144648
-1441428906
-1766072564
-920671201
1884980772
-247931847
-1261646388
681811564
1113725507
2096272304
-166399942
146790764
-1427842916
-615367306
114922558
-185907973
-218285452
1167544465
-736939880
289103606
-861006011
-192795536
1657214232
829735279
-614654137
-633822419
-366269805
-622840014
40919336
45094900
-1672100668
-1074372884
955311166
-909170153
1367048432
-147595201
-850112420
-860294182
436025276
682111287
-1194350702
-101461119
-1815609997
806414764
-573240192
1784531800
-1077333409
999532459
-778134296
-1155503335
-59202699
1097368870
484989154
1997950747
-1162167787
-1056498905
-1271194676
-1135334625
2057092565
648550265
-999643889
-1329109209
-1649597498
-768778376
-735530973
-2028188685
-1527648280
-1262303675
-1479598836
-883048388
-2134956807
-1295429289
1220749745
1828754478
-1326496393
2044660542
236173515
-2108924329
339731272
1159031142
-2009813900
257157280
1842627014
464011447
-1107735300
820980666
-668990306
1892108642
1026539868
-362226530
-1799622315
-1388039138
494901689
2060552288
-387530881
372723161
946693384
-1926610587
-21759812
-1242778398
-2052760574
-858203331
321579519
1722555705
-1091626856
1712830224
-1848138768
-517135117
728522150
-1068293956
512756419
-1161152415
-1241190095
1319516949
-160499724
-1849423994
1059160881
-1461093368
-2126026485
1076333172
1847044125
1040497055
1695662553
-802647070
585686760
-696859023
-317383739
386070694
221686598
-867918512
516859710
1303658944
-645022148
1405230926
1725504203
-1189088521
-630575920
1860591352
1616262483
1970297968
244759319
723352794
-644067993
-1027210580
-355912979
-1748364074
-517344804
-1014525865
1486736550
2045262474
1445043037
1994677261
-246175702
528745690
802122612
-597984015
-1762896693
-604656842
1878719871
-1755746837
848325323
-1542114852
2080851928
473842612
-1956957499
-136861963
1763871711
1784574034
-588292437
-989336098
-1610066467
-1731192718
292999637
890051755
488083219
102168254
1190099545
1710254193
2042534984
-855584532
-1813563124
-451632705
-595619794
994344285
-737617421
1615937578
-452040143
1756722507
-1591993286
1751318751
-1437898682
-1205994463
-2124755861
1306792230
-400857375
-49164109
-1069749459
406703082
-1956622055
1011577973
1528686168
1413875243
-493641243
2120613598
-413343253
-25564484
-641403848
-150633905
1541017546
453535683
-788618452
-725614685
871569726
-1541526750
-867009687
1750657921
1986041205
1428499962
-183469430
-199146623
-963209983
2146029959
-1544970024
1586377001
-880134196
-2032693950
1946210448
894975652
-486648128
-843110210
791396183
-390783797
1287207986
-254244407
-1142557255
-394398114
-1253741649
-672001749
-1783111377
1465144321
1277131587
-906001063
-1055657217
1511494320
1567816866
-75853318
-1679044259
-1539512835
-1144491141
809947258
1686083824
-1008996874
575037375
-267687917
-802608297
-629023898
476534171
2050242757
-1809477323
-501406600
-330881440
487364503
1386113584
1469302888
1558779958
-777675901
-160076463
651568343
1780035332
75102772
680786411
-25142627
734692698
1090614122
834713436
-1017364320
2132063274
212193213
1279084120
-1235883505
2066893741
-1681167887
548274463
28621436
-584950829
836718126
-368194655
-861206183
953093520
-342039061
-2068843325
-1500620836
-354727455
1761424120
2089952885
357176572
2054779573
1250008384
125855052
1423896803
1458384051
-1144238126
-1211292887
-536820901
-1600506397
1404576799
-1667277514
740622187
-104706151
1751260801
1964560023
496219725
794048123
-1814660012
-1814679667
441266045
-429020520
-1940697526
277579434
1289095383
1601341578
-1588418881
-306280466
-1707348113
-874843718
617501850
-387905588
149217436
-1474657245
-965791424
-1018332799
-671416218
121807948
1822031077
-219709310
1367801213
-1035872978
1703659945
-782069602
1938490651
149036955
-520619588
-1854890367
-424654575
-420967355
-2133210445
2035998939
1532564207
-336090128
1986753272
583442418
1344891017
1226255985
242535777
-945285480
2002272529
1661111750
-966551787
-190487789
1784367575
211862643
31406641
1366001312
499071406
1497831132
1053436789
-1883801920
-1858161031
984148890
870504040
-99271275
-1972778943
-359222224
-1669981610
-1953027529
-1032855368
1961747816
-1848289676
-234417950
-773952607
-1839464540
964822411
1548983304
1332082243
1758898095
1027665040
2134617354
150463362
-1293234473
-125381479
-897987563
-120672484
1128590399
-2064590444
1626450078
-1707949281
-703314893
-709212802
111258121
-1945248586
-1507114641
-530449307
-547712786
27197299
1207885217
1727101772
-1988155917
1541471026
-521725492
1452761629
-665977912
1752530768
-314407345
-746090162
11
