-205557084
-1424169361
1340717713
769925877
-1255424396
-1534398566
-1866984184
-1521734278
596740539
-1147511676
683411979
-1925453751
-1537374418
-631424879
606962533
964686204
-569615671
-1637678413
1872331719
1901554578
-815641183
456251121
-804723876
896102858
1976406522
-298277266
561159226
-235104750
247797949
1037860933
-211048865
2016572031
1245050007
-1048384997
1782998524
-1052161650
1448169682
-54835318
-518806307
791000864
-2025000132
1810453561
657924722
-1247383477
2145931665
2098375472
1518447931
411309060
700987307
-743350392
1292030198
834604107
2130376835
-2102549058
470029133
81624522
540489357
-1679783140
467648345
997935251
-173591232
-1329479960
-2103098752
-2014439230
-1571635382
-1541248491
1237129620
1392478089
1685690919
2031557034
-1795273781
167725637
393251512
-1619872693
-1947764332
1521448006
1842539156
-1703639617
-135432536
-1429420162
622513120
-1031056117
689010654
557126284
-437146206
1330613961
-1741631476
-1494375167
-1093943104
-887718777
2092972839
1586220451
-1465926629
-1916760662
300203017
817981901
1338851556
-526078082
-1793324960
890210600
1837355089
-105204272
518423775
-304014590
1480347291
275174751
1411699267
-2020626130
337057870
1787308216
-1793398184
-1978380489
372287049
1689013136
-1119171897
-1251587488
540984065
613024425
-1114066096
281689196
336088696
-651889809
1483403670
-1919745749
1619628665
675048694
230112471
-32061096
-1260968056
-1394130597
-751852519
-1982186965
-149853585
931048748
-1962866359
942906729
402292032
-751153269
1238707916
-1561845031
1040244934
1914647652
1661620882
1652895660
-321874692
-2078020731
-531473380
1316470791
1086115578
-1431588555
-2144626724
992204602
261373416
767207217
-1796930416
2021523335
-1028530441
-729473764
606088979
-202843114
140272087
1195108596
1963106147
-2007447689
214310371
741854977
-779561917
-1207990812
-985688769
-958006492
-1649618561
-1023277730
-93418802
-82343677
223492518
-822465260
681289254
999693558
-1339425333
-1689862202
-9918545
387943071
-1056991285
241912394
1149316423
-886402937
-1541286173
-1056823986
521668518
-2146001235
1188642120
-1962768914
1547902388
-1767330303
538831893
6069446
243786026
-1158206418
1761550268
-1171404641
86660110
1160179880
-1049740337
1108268405
-99574738
-862238961
-597726796
1967017035
-11720648
-1233451032
-59653512
1034474945
-1482595518
-190005398
9506084
-1894667833
-1618281709
514582478
2118322829
-1361244515
-290606305
-1982254819
-309177901
-314643702
-475281054
187160875
952679694
516908783
-1094784321
-1739975543
409691551
1439144460
-1985759127
314476525
-2111164106
-1838657801
766106453
593546882
397733063
1649201405
-1023760143
828314877
-257426377
-1364472090
1181243489
733396903
1359123015
1237862857
1566033320
278537572
-606568055
605329269
-1852389539
-631155337
-1741580639
1909026858
2033259309
-1108872676
-1404533796
1911755129
-1869238130
1920604354
161177761
-130650584
664731734
-1884137117
1652536056
1389391389
-1538306456
-370491464
-1473507919
-1500430485
-2007763159
975367211
-26657567
1658173035
413211881
1249721286
-2007170648
-4145394
1085795049
1421148371
-1340055820
-784933839
1298754292
1009765218
-1860995589
1499314451
1697114404
-779370086
-81726600
765577533
909699451
1506609379
459475619
830732642
760851059
663502123
886834090
-1565429921
-1448592488
818412188
-97233400
841440249
216211704
809203142
128997230
778361112
961644297
224142330
-1295026925
-1829970624
149293364
-94342392
-481885246
-1449510593
-1955724404
-202271815
-280323549
-897078779
1675590116
308957176
-2091647672
-1349649895
1863813875
1757738195
1943838245
-1063637115
-124029807
26889139
-172317297
-1235366120
607005002
-422338592
538153127
-249877864
-582192025
82958929
-921281177
-376454299
-1881035451
655075367
-990951671
842971336
667352746
1021621219
1286017857
-1751299403
1457469428
-1732252180
-656413373
233007047
-337562701
-691084139
178377785
1132613815
371379090
-1402982990
1386779973
-545045071
-856269532
-248586959
-437953789
-1420801728
862772687
-780857457
874891078
665382957
-1148289038
1000571369
-2079153753
1422213412
-27531776
1222654242
-1913122262
-974608842
-1205212732
-1817297970
-318148761
1894182063
455732738
744512246
85105193
173889090
-1271872409
523831467
-2000098780
664910047
1879974361
1280918145
590195344
-810963085
-368663933
-1512011361
-457955724
-1670653326
239230829
-991958489
-81967970
243085468
1161957722
704779452
-382028249
1022123771
-810760361
1795851909
-368332756
-1684194954
-1274533640
42845032
1759853056
715537404
-1574089661
1938070242
2123893334
24254889
2056002214
-157514708
835056010
-794337572
-1181793361
-211352358
-824649752
-1508368102
-508378381
466233745
172837234
-163856827
555676729
475270980
-968715620
-1359695915
-640010358
2018736782
1115843870
-542873420
1709385554
1423409486
879901540
1389315799
1791318515
-1443347966
-1029712363
1305646116
1383774523
-1911902751
-1512314728
-1955686864
162227306
312565555
-1072440170
1848029037
-174184584
2004649018
1331517358
1471778600
778796105
1271584088
-2115680570
187920882
1816470074
1918738404
-1783333972
-10718538
-1058783099
-508437360
-579086095
-1887114537
678435930
1693473039
-103150046
150069919
930044763
-1756958550
1422714233
-1419013710
-1382688138
-818097108
1933582075
-743444452
2139164703
-1276911102
-18096712
-1362405812
-72023241
-1039593317
-2131450871
93924753
158059796
465954099
-1543577441
-403787570
571060263
-1726678037
2057832905
1060224256
-1874347350
877372039
-1248375883
-1738690155
-1301873527
-1717928271
-359152936
-977772302
1996376939
-721991870
208554583
1354305815
238327399
-703492612
-111356029
350456794
-746992625
-969632497
-1803196727
-996589568
-972010172
-130532649
882800501
-1994231610
-2131168287
-1897729836
1353390349
1735489426
-2062310353
-765541498
967346084
-1822289068
-762940471
-1851558780
1583568824
1668729155
1086152262
-654859837
216413014
659969607
-1097562093
-1159004561
-483121384
-1148506536
-1501621349
-445932659
658537725
1430719909
-1665366440
1087914088
206973511
-1456695101
-1131439
-483273943
-2107585497
1080102231
-828215741
902680880
-1983303026
-2023226703
110904331
1210832724
752320283
-494192246
-318997886
-288343189
768397093
-607093205
1619728434
2034610971
791050831
1321178864
1371451442
2124942801
-1715675691
1316636111
-1102071753
2086272369
-894453480
1659394439
409627958
-959976358
559028888
-1577464656
-741259653
-1738938000
1535630328
440465180
-310248651
-554263003
1296478055
-60371457
-1532029266
-994486489
1714207357
-247778290
1176509751
-725803387
-1503738700
308501599
-582336542
153018951
-1709182475
199767724
-659316453
60337744
-1311436519
86438906
829631048
777515898
-765102505
266703902
1876881125
-2031034056
1210804642
76384273
-105176717
1636879882
1558585773
-489790922
1887148105
-2033078292
-1352707760
103454125
-2006326726
-1429167221
297157662
-1104132268
-1413355053
1617528623
562203109
576729135
-283694098
1471782991
54539364
1241811473
1452571116
-347383883
-1464360264
1752831070
770199653
-1148387863
-799875318
-1364385483
1055897985
1551148834
2039646709
986494822
91341807
-445443652
-518760697
-814365924
-1736604637
-2011717926
886905712
-2082974194
-465785785
772234410
400057981
513341340
-112415081
-2094457720
-1178619500
1433404828
-1460637110
-1121411836
-1092936808
-1144445506
1605146806
-441269675
1900918128
-1025195023
840978591
1762450809
-1142989475
-834820814
1512881096
787023468
1014377855
120882838
-188947475
-1885764692
1387362080
1262734903
-1430242100
201671538
1834503975
1211976620
304724988
-889232719
-7492804
-1705768832
-33195523
-2099001471
1962675605
-2014041687
-1493767755
-1566914269
845857400
-945103517
-1884185809
1097197199
779004634
-1801429346
1262391551
-1726508500
-198665352
912655500
-719313952
-1835530426
-264026474
152723992
-39422004
953759016
-1096631520
52787028
-2029616885
-1164200626
-847810773
-1374752074
-234514693
-5843500
279371043
-2010087593
-1555326481
-1168789398
-1363431260
-851040331
-55728137
1251693570
-2033220946
-1273051816
1073963067
-1142948720
757081586
1206812885
-1822902246
-1554424842
-2109570137
604332889
1217290164
-1463815619
1462044622
-2132019652
-1665485266
260273601
-1504469504
841479005
2111655510
-1428140725
-919650893
1814759220
-2018049131
1131943509
-1240791437
1781374825
1389927619
-1722859743
-1033835354
1408748711
1664746407
-648958314
-1701841261
333066751
2112619908
-1849656139
517343400
626591462
-273241105
-315966606
-1686683556
-984930847
1488330140
1070812876
1615127328
1416572544
-481815319
-1079650702
301324759
767079916
1725686675
-1826839666
771931376
-1445493425
-646510575
1069139173
536309969
-1984238227
-1660923566
-453698491
-177449994
-1978457045
-1482452339
-1665038081
874051814
1913829310
1088416285
-821354702
-1817021244
-2014180167
252875544
1104179363
1669807034
-168365999
2073054169
867755575
839551713
1392654447
94325265
-615897447
-490641155
837120931
-152846623
958304280
-1119670501
1392683497
235989771
1203683599
641705845
-738710177
519095576
939536380
-1581467513
-2124776646
1494494094
-1794452629
1946002261
1052650048
-524440648
-546841650
-1262105258
1368649350
-1478962359
1790671880
-286711885
999860011
-15722272
235651134
1952182603
-1176797350
693324873
-2101971198
1697940861
1838948446
1449172536
578300777
105911888
-1400704955
-886951275
287714229
1787655093
-168467490
-1460517209
-1023565298
-1613812464
-1819779780
-1223170908
1017757128
-2026418088
-86860206
-871487375
1583541166
1045345407
-1625208535
-160951454
130620873
-2062952717
30436887
1331884720
-430234473
-623032171
-129388583
1937330600
1286412284
592685400
1324019952
-142049316
-2067804752
-2133379720
676795777
-749034314
-1407490917
-1163861930
-1192045343
-1532533654
1284430662
-251722803
1183815406
-539159568
-1867073341
-1721394661
-1534695297
2118418080
665634412
-1174795392
-1127942143
2068920592
-1484597726
579636067
378448442
2100332418
-2106942333
-282000620
-1275873761
1458098285
1856805189
-152465584
255875376
-1399086509
1976569616
-418083388
2045122008
-457422869
-1147794360
-1299171467
-1633614667
-1152586700
1906934702
-1446654319
1893414049
1047810000
1495692505
118381300
1670388753
-1241641791
-1487264631
-115149346
1513232415
-107517126
526279981
998942639
1716780769
64669121
-1234047066
456643324
219725404
578518724
623889282
1539781010
2141916502
-31161414
1544013812
-804101507
-364958526
-690265594
-308673808
-1626864776
-1117735020
-1141248855
634880914
469458910
-1651604923
957378131
-1324752391
-807555795
1969655245
-347967255
1780743713
-820849319
-18610873
-1259335867
603835253
-1110190677
-126791367
-809641007
89990842
-212817311
584070390
-817016038
1542307590
33802848
354025964
-1053302173
-1635118993
-1981205226
-329656493
-115443246
-1284020048
-1618276840
-595398206
-1042304089
1937179482
1091947038
-1329263483
524715565
-825348111
1223027427
1501614606
96700814
-307786821
188828648
-1101112320
-268252063
560941279
1395523576
726123675
-2073020496
-2129884915
-1063732340
-683031158
251429825
-1776696273
-1606626410
882666248
111
