-912448497
-1407901686
1427221344
1882358408
-6999598
309483223
-291984745
1825166202
-1144091623
-791494825
1511877464
-1462732368
2085211264
-1722376414
1608356278
-329164503
-1686656818
211653695
-1015619893
340895909
-1289815458
1762472119
1059553839
172038232
1633146400
1600071463
1202485577
-1201502840
2092807876
1676216437
-553647762
-963690739
-1187335187
-1840279887
-730196323
1886837140
990759606
-1080591710
-250280658
-1895983875
-1712441697
-1530527787
-1227355681
18567089
1651366338
578994470
-1968569591
-87225327
939308670
2087542182
1477324752
1659569284
1445950729
286821552
-24313438
1391808754
1412104203
-2116236816
550173793
-30861194
-1185470038
1945408257
1032824589
-1083156090
649749713
311702400
1396608050
-805421905
-1801416727
1072636294
-1367061930
849999745
1752091177
-245569212
-314985462
-1302706986
-221880850
-1995461887
-1363213801
1813210620
978893046
504243918
-481226378
1064941559
-737250085
-1989977809
739947958
-1428498071
-312250560
-1112168735
1174673713
168779209
-1709575442
1689754345
159526027
-372829646
-358158584
-64736850
568862943
588370241
1291403728
-1304906204
1056775791
-1120474640
1031671522
266219130
735549089
640487388
1518610602
351557476
-431930605
742712438
-2141157159
-915394033
-1977302999
1171785773
-1326065291
1816141928
-1530436808
504283320
763431918
1462210680
1271995448
269364205
1439499025
1694775750
610559574
874579613
-1808839886
640608906
1590184072
-458424630
-638590678
1961484948
-1956223525
721852799
-201454236
168739058
371137842
1450551039
1276398225
-2006057015
624278205
435963501
2125282985
328335764
-1856587736
-273515478
-1972649204
-321409868
-1401287262
717771874
1104674422
-1072785260
-1784442560
327194933
345213633
1058196083
-406624143
-1565125280
963031185
1779564742
-1439135806
-188912976
-1094144591
1752076629
-1984478010
1437955331
197463536
611439524
-2003438579
-610779173
-413133872
-230678730
-2050909083
-593589862
819737150
1757435718
836548022
851958144
260215408
963184677
1246362056
664347512
-2066698606
1109725695
975521033
358874017
-131270190
1254221559
-1855158502
1168661749
-2021353375
-577153342
450544371
1449327461
-1535891562
1902701637
-1187569855
2052729566
-908224442
-1467426772
-1659238432
985354591
-502459190
-1074499823
-731226829
-90510206
1238301699
1725314505
-1391151832
1596532506
957933424
495549739
-457266208
-374539348
-1104689844
-381448525
662193091
-2103973501
1681195221
-1613338242
-273852675
1866742558
321174086
1295978167
1910052291
774887248
-1311830081
988896756
-557999640
-3823305
-1731824324
-283934402
-283016044
1946653014
-272818730
270199486
1549119690
799731074
-1544850416
2004672325
-1593511239
1031383759
-1038507455
-463170101
504358928
-1425413329
-1557255614
-1381965695
-2022254112
-501335708
-2040295431
-2009371615
1301523391
708857437
-393802048
-160724379
-1893344037
6841492
602039713
953585790
15898787
2093161928
-1464685392
-1437613837
536532677
-790104456
1783512772
1149881170
-209089548
51530480
-245648634
-1435773437
-1667503501
1831791376
-541334658
2063342755
-261770609
818954407
-1761016253
-569238849
1676907302
-1017446077
516740919
843204929
-1624401459
-268602121
1540345344
-2118816617
633058421
792938845
639855071
-371364361
-1534181400
-27789452
-808876345
1882835355
-1693668796
-230050161
974833784
-727872557
1194074718
-1646329271
-1404170042
-811017128
-202352407
47230491
969083635
-764929152
169365403
830114353
-1426996946
-901083580
-1963377626
-330000543
-2011085098
-1562207314
-305564216
-1631138546
424112248
1025611642
-1344440133
-1188467649
-357327675
1510023406
1217983451
-1912347595
-1436120003
-2067002008
-1709839444
517752937
-29799856
1601758731
1740892392
-517385555
1194665459
-775424930
-729728517
1715010056
582924603
-2112430909
1777353656
-81947151
-562691279
-1390686534
-1291132691
-940338658
-1208517
-403030811
70636472
-1341016826
1973071375
-1771885252
-1554627078
922088170
44088905
-458026125
581654772
-134163885
-78019265
-465617243
1768801987
-783195741
1958516066
-29043542
-1787325693
-1135363601
-1660433851
1345019908
-1720333778
1892947294
273337965
-1441993963
996561536
1504211447
-1615350648
-692736645
-547107431
339920804
786079883
-1970452653
1526826897
-1363293382
-31817897
-719614079
-440829923
439764008
-165359775
924512253
456020793
-779947982
1277589856
-1924509830
-331110222
-2036533003
586398077
-697265740
1280185821
-1018497419
-1585375640
2034475557
1608353176
-874478083
1397713623
354750577
-219971383
-1121686289
-1951597031
384187590
70749935
-793817562
-252859556
1090917747
1153148426
-313201278
1224481878
354050534
-2136822783
728368619
484839272
-1839816628
161154699
-1090999320
-851070572
191001095
1625242759
-868924387
1034553035
-336488637
-1871797024
80086625
1365271159
617577654
-621795115
-1901129131
272690894
-1689233678
-1442770220
-1611328281
1851803482
1733939062
-353242935
1816689639
1573396465
-512409289
1513325317
2085304909
93912423
-2137160362
-1779057327
1212358260
-1237909743
1304055603
817551421
-95767572
1986246143
1090197706
1692430151
-1907181106
-781775309
864264157
2053158081
545662933
-492222794
773583296
1749921677
484622513
2002778694
-1009383232
-1144484720
756561947
-2093991738
-707070183
1450639248
872408861
283618771
-1814977219
649638719
1614745668
1286527712
-896459542
-1809921799
1642443837
1096179376
-1726978343
-85496963
421262796
1721847445
1908798998
964652308
-1506799496
716087059
-454515249
55310809
-1651058305
887331627
239354922
1681806992
1152440139
1022979524
-1483493249
-1594641748
644211935
-183518490
-1366129080
1734543244
15296089
-1310308885
1144544094
341510684
137956608
815770765
-389051807
-1437455706
-1154994884
363802121
2128187681
-162880302
319398139
-2066512887
-1930232806
1204593247
-1471529571
2118175307
220783330
288909338
-2138187465
-2124711812
-1234045545
-1108174342
-1658790792
1369860504
322770968
204245237
181430603
-1631193755
-431517857
1078629628
645599043
-1128654796
1428995588
-1742037831
65802067
-1917736067
241266781
2093776531
1725116403
991473211
646756497
287221985
-2014633304
1606655497
-1217372935
-453985553
-224364431
-782639147
1624429020
-1018285112
566961518
1264662183
-1440954221
-876399124
608998944
-628339222
-375633395
1179472847
2091144128
187584826
-996186957
-369462336
-1597163286
-1980394239
-1848088684
-1636319533
-101370596
441405213
-440553283
420651370
98673232
-2112463186
1456932751
367909769
1175595371
1315906897
371886835
1449960242
-84658671
569536556
1312500879
-32124539
1136196650
-1870041664
1498070790
1601250903
497027779
1771879063
-976121762
-895445135
-406293829
-1250396644
-832727062
2008527004
-2099611429
-1761121147
1615540840
923993341
-568599377
-1220063202
185167420
707899126
-977229090
-602406881
937158708
1741873485
277521341
-800595448
-666093544
374966114
-586601015
-822129912
1337781694
934802743
1762384921
955053704
-1160766583
442869775
806977750
1976930462
-577538687
589371448
1744688117
-1989653363
-274465838
1803523966
-1530944108
242913148
867907607
-2121448665
1737597962
829111
-967308699
1828651998
-1634750523
-205942161
1433732194
-21455281
-1520779386
762567788
-2122426604
1470682166
686118244
1085374820
2113490699
-2076339412
1795326763
-949425907
646930555
32651124
-997622168
327217054
594461602
79288907
-283130343
-1550451542
-432889192
1514648729
-1845766727
-1875497704
1053086606
-646476369
-952997350
452365098
99297302
1683504186
-782215336
84104716
-512604426
-1550174506
63105905
1460493462
1948785153
-899402454
-250551531
-793353512
1645726586
-506470499
1336274755
1239326108
1874415537
1401982956
-1546466916
-327862241
-1459190465
-1417272822
-1419520256
1370353368
-341320191
-801254250
-1213178203
968734337
1705680701
1117993166
-1648079722
-914328158
-1737316009
1298347056
-1502181381
-173421662
903469509
1824722668
-226634466
123923142
-1146162410
-1611819309
416697640
-227049471
134618179
-990359874
1611227058
-1988908024
1057811372
-1725780374
-718640913
2018839155
1096025094
1997632402
-1382427317
1387318138
-1614790337
1963459405
-757016760
-294593559
1888842827
358734086
842508833
-1198907812
-1488146247
1406011366
1804101453
-1387416924
-1758976215
2047789765
-973051051
574050175
381064341
-817945155
-494777914
-1688557188
1354251441
-455043882
2122994059
2060578104
-1390971224
-47001916
-1135107565
1959741090
1659292305
-963144883
-815018239
1462991411
848731531
1879346510
-1632430709
-540308249
2111073827
-356171088
-404283327
278363555
1891999688
101651516
-1308730323
-1380185124
915397018
-248950918
1723456599
1426166461
1096872090
-1725215259
-1113337971
-352194900
-2073532908
1200793201
-1122991045
-295208819
477393591
-550277732
2012478488
-1646326555
1243915111
356812118
-643951936
-1046535293
-823917032
210370177
-1028706280
1436940913
-1273174450
-924874421
-187199961
1175505819
1113069910
161805476
-852292474
-349300907
1949948708
969850899
-1756129740
-148046675
2140027376
1285340026
1431049329
327917652
618075014
-1908885605
860747002
-2136561835
1410179691
-1480636710
2141928606
-1509179982
1535744021
1450479079
-363909566
-1502531479
1145031760
-1641602157
16743707
-1233873836
885684055
-1895628378
1475875205
696418459
-1293090938
257328636
-1867292875
-460761717
1636128220
2047574432
2062632756
710481407
1729946100
1255561906
-565277007
-2116923775
-7667979
-2124596110
352248332
-901377783
-648345710
-589736146
-2105841049
1856567646
-974654643
-1846267552
456650801
209405982
-245398811
-1528625046
-1531932057
-813167864
1310653258
-1576910830
258082993
937252119
488338611
124969984
1316911474
-73431372
-2092452750
1383872546
1534123350
983148100
-366372012
1270044714
-1518275428
1168951745
-2146360755
-584390273
136956555
-796881368
-1969036093
1982650992
-2064331993
-2146001019
1688747939
-1069534250
1743480452
1831031640
-296289296
830273914
804341340
1565347540
-310211331
-663742292
-1902571040
716587293
1500043940
-1777243318
356893209
225356433
-737369971
-628242550
-1347778727
1052161630
-1588635504
-504946782
-570737562
-1171381652
1111275552
1571598952
-1151374329
-1252706542
2033826932
1900891328
1064953200
-1040133817
-502708595
-423257613
-736698444
1956870755
1993886175
-1985183076
1246932904
-745697286
1371768227
-1495294094
1959463786
-930710306
-1198992370
-950945760
783081394
1247871510
106300729
-591571718
1638970131
-127103363
1441221589
1060986295
-1353212856
1843767359
-462996815
185453608
-1141193419
-1480105024
63066157
-1510577405
-1132494997
1939861143
425726779
1948362602
-775820863
38413703
-1804353866
207712378
-284679150
1705918137
-44662659
-1943787292
-2096098464
-185892725
1033716519
60532375
-578177066
1317866781
115084257
1389904806
1427115807
-190073169
-867637471
953810621
-2081256709
1260317506
430990397
-975590746
-1939794963
337554563
812491517
-632540953
919379806
1677236056
-1185419526
-597565253
-410102977
1757019328
148368605
1443090250
-618186285
1324419808
-392800432
-1114552000
-760575883
15140091
410405322
1138709310
1545892128
2046135274
-1093853342
574372029
755992982
1111
