db1.tbl1.col1
134
847
763
255
495
449
651
788
93
28
835
432
762
2
445
721
228
945
901
30
25
541
939
381
216
422
29
221
437
495
233
230
218
459
289
21
837
556
642
185
992
859
120
332
721
711
936
422
830
670
303
587
882
846
505
589
34
242
797
414
173
548
703
674
374
438
508
778
520
393
489
29
43
703
983
593
393
170
502
982
770
539
860
232
513
952
577
459
269
547
957
5
783
820
886
740
809
518
561
426
56
870
569
199
504
484
356
346
538
623
612
458
27
229
177
584
861
798
797
816
255
841
673
83
16
14
755
249
109
624
344
69
159
527
168
272
711
454
322
473
23
386
420
188
108
899
510
209
605
817
20
17
146
718
160
704
678
544
220
975
797
516
223
648
394
575
321
630
58
298
967
875
306
858
310
939
743
416
252
8
878
37
819
962
570
171
867
973
704
508
377
346
205
674
432
194
104
665
296
499
325
871
899
18
200
327
987
782
339
213
674
837
932
343
882
687
484
985
234
725
84
169
910
212
759
600
841
368
340
291
867
603
954
887
135
551
104
39
73
866
788
828
340
615
781
378
570
223
81
266
890
564
925
457
277
787
827
12
670
91
115
885
40
239
988
421
115
167
241
744
102
910
378
970
909
294
253
477
100
652
39
10
982
295
596
449
313
62
913
969
969
111
215
617
979
542
688
661
259
541
307
246
81
280
983
447
652
643
940
390
306
327
316
847
893
302
334
544
578
595
245
20
243
72
551
70
75
635
290
792
493
862
154
501
794
77
949
173
776
984
821
319
106
514
919
293
893
141
910
31
316
903
803
907
840
746
689
178
432
157
714
667
252
64
963
808
549
541
851
453
395
338
257
24
646
416
570
62
354
138
125
259
828
397
401
612
233
7
528
500
648
438
686
731
238
495
478
225
412
560
906
917
275
646
48
71
511
877
159
766
883
311
692
848
371
701
736
594
856
896
960
571
176
250
217
569
757
52
681
717
347
515
164
729
40
981
807
628
267
912
959
139
775
841
659
700
445
924
971
382
802
432
164
325
126
908
959
119
600
408
118
295
248
749
4
189
438
21
627
605
835
206
284
542
273
585
250
683
791
808
973
545
490
855
769
570
383
284
108
807
118
747
545
964
761
973
136
500
572
311
503
356
528
0
442
449
304
399
783
683
492
647
377
203
3
277
598
881
829
510
987
461
834
408
744
987
305
170
620
530
359
3
389
425
405
861
584
733
897
748
492
745
640
648
629
406
629
633
937
782
846
767
815
605
349
264
708
873
544
152
832
484
467
45
510
744
422
355
656
19
507
946
690
401
688
604
208
207
886
269
74
830
523
368
511
736
168
653
713
815
269
609
232
561
172
789
866
329
222
963
706
843
30
899
622
316
431
761
785
189
625
165
973
443
913
728
606
261
526
138
138
715
361
751
240
718
718
305
106
397
492
99
186
55
597
888
216
34
703
814
964
613
342
837
118
692
95
399
495
377
168
231
820
462
579
211
714
330
593
909
994
46
797
857
319
383
580
918
399
880
758
152
913
15
145
664
57
379
129
462
839
906
35
60
840
42
273
117
91
27
637
744
686
845
663
389
631
969
641
243
60
935
590
349
605
560
522
60
353
412
199
880
424
662
713
743
721
752
251
976
151
918
854
852
52
91
813
469
370
984
40
531
443
128
395
707
882
24
524
90
800
85
34
384
732
313
130
794
806
855
303
424
245
557
330
338
783
956
584
104
652
448
988
719
834
701
535
896
831
291
157
370
521
97
345
574
43
814
651
313
298
352
325
748
501
526
148
914
325
327
68
979
479
912
927
969
815
925
922
801
134
523
575
992
783
702
746
361
942
643
402
464
979
532
167
148
687
562
906
184
411
727
50
99
545
265
106
261
632
526
78
72
850
643
173
861
21
368
847
710
283
891
598
865
892
425
675
544
944
798
725
814
998
256
201
746
770
514
487
403
882
796
584
40
851
458
189
299
691
5
120
302
887
746
970
543
571
551
525
542
818
953
408
629
307
301
506
586
549
976
162
636
994
736
565
368
402
936
895
669
898
925
846
383
464
795
372
749
481
336
456
116
354
415
18
172
260
857
589
287
997
257
513
739
691
433
776
485
715
491
971
716
91
129
966
229
26
253
479
952
399
723
834
89
611
995
549
534
346
946
969
103
552
419
671
118
265
278
479
793
857
786
676
87
389
668
294
507
905
116
853
105
386
905
201
520
416
887
992
288
492
895
544
214
759
337
485
8
988
657
925
968
267
540
440
759
842
228
274
706
