db1.tbl5.col1
306
436
27
883
582
879
554
23
30
839
651
495
827
537
768
777
843
217
460
20
730
235
198
343
954
22
319
899
851
354
683
139
974
465
763
808
748
673
903
990
439
607
815
898
773
757
99
659
834
218
824
989
261
865
724
281
234
110
976
975
215
654
598
38
747
427
719
31
507
526
506
517
587
236
61
802
749
347
221
677
4
746
82
705
256
984
12
431
829
355
944
742
49
378
490
134
149
614
692
401
753
358
443
233
317
26
137
235
900
807
189
530
440
674
906
870
262
237
926
848
133
169
375
721
980
326
995
537
24
569
694
581
904
873
863
501
790
797
660
474
115
252
899
566
869
289
459
744
484
147
706
147
464
804
527
183
998
103
243
830
702
152
184
134
386
404
346
449
606
663
715
385
645
789
93
571
178
760
34
351
601
749
275
278
753
800
151
648
113
253
786
64
764
409
110
51
557
838
995
231
231
243
405
795
782
395
177
639
13
44
432
512
48
778
432
871
79
891
473
582
628
133
698
853
50
286
534
366
58
322
200
914
523
488
471
78
225
178
380
293
827
483
901
406
536
441
897
792
337
530
665
506
76
614
412
97
255
818
380
242
759
265
81
373
755
923
921
935
116
243
17
700
642
355
742
442
231
67
857
50
410
270
707
87
8
725
297
645
51
432
955
712
921
714
555
659
329
53
104
387
964
183
98
27
955
497
331
460
265
538
223
300
931
827
720
807
112
532
863
525
557
362
708
944
510
317
37
680
633
9
766
62
266
479
424
282
97
700
745
328
136
516
454
860
162
45
834
432
546
142
879
249
893
597
998
368
11
35
338
8
858
536
805
305
426
405
121
524
776
790
856
821
769
327
412
765
946
964
620
477
558
935
449
98
840
716
780
574
335
418
261
105
279
627
525
913
237
69
115
579
256
126
547
556
248
805
517
739
600
90
968
266
616
621
360
290
819
748
688
56
990
427
490
910
576
924
648
829
385
959
87
663
223
344
63
240
909
771
337
997
553
119
157
62
779
107
298
427
19
926
588
974
877
578
409
42
682
399
143
47
42
545
731
489
639
325
649
525
612
249
414
563
360
93
941
462
166
317
316
283
323
681
847
43
196
806
645
566
653
196
459
305
327
553
834
366
919
512
520
464
363
754
761
383
511
932
823
449
131
977
214
302
755
864
626
129
570
343
898
227
227
441
496
607
774
414
351
187
163
653
884
736
956
845
475
476
388
198
764
208
60
319
487
234
299
721
354
763
874
648
365
413
536
897
558
682
718
466
142
407
0
580
306
448
400
254
939
481
853
401
262
134
992
749
652
745
237
48
218
468
339
954
984
786
350
386
155
742
308
670
852
107
308
24
892
698
938
832
648
535
803
803
467
572
529
920
656
237
593
663
836
448
779
908
413
177
125
38
588
117
811
955
58
859
197
394
933
693
516
999
745
494
56
751
636
100
62
205
436
68
398
906
989
699
674
898
183
388
576
877
750
949
351
249
83
733
94
257
540
858
97
960
876
336
332
278
638
822
208
602
321
52
737
335
414
868
972
387
50
451
0
736
993
76
712
777
154
210
679
480
230
677
343
871
508
375
763
955
557
67
931
722
362
523
778
834
272
696
219
575
898
375
959
92
497
713
881
695
543
376
819
73
934
627
505
944
512
592
809
317
741
508
968
507
14
211
767
598
578
46
771
88
159
335
493
749
128
966
118
85
731
547
872
774
562
80
29
58
473
670
117
786
189
223
870
361
906
623
219
366
733
434
948
875
173
848
56
728
531
523
517
92
545
121
665
335
614
731
488
713
655
283
807
591
159
955
816
446
751
553
269
91
473
907
984
881
507
895
992
873
330
831
902
250
898
741
122
783
173
579
633
414
99
199
447
297
417
874
742
510
209
77
191
299
180
539
518
390
716
145
273
193
747
383
35
661
816
851
584
634
815
484
246
194
412
773
891
25
279
475
661
306
488
928
333
369
482
190
486
347
708
999
827
912
156
303
103
189
357
11
374
256
376
489
534
304
571
165
919
38
663
902
671
799
181
843
387
269
100
60
370
205
887
57
910
609
328
298
372
156
129
249
138
781
468
816
614
412
458
882
771
960
244
29
52
107
930
888
991
644
15
881
486
782
384
774
284
921
106
421
373
508
547
1
280
180
177
807
79
612
26
760
448
323
40
377
633
295
789
30
238
978
973
817
623
637
757
604
641
375
929
652
216
314
880
293
318
345
67
629
533
95
395
385
244
437
508
346
233
148
417
636
141
591
516
265
602
764
673
473
