db1.tbl2.col1
4116
1302
1953
5608
5984
9600
5327
6089
1488
4138
2797
6954
2670
2144
3676
4705
3383
6057
1812
8799
6941
5347
581
3260
6901
6450
8119
8915
3153
4937
3300
1279
1401
2564
880
5388
7029
5630
6847
2262
1994
5675
8842
4222
42
200
3053
6153
845
2245
6806
9849
3410
6011
5184
231
3298
1394
2508
7699
6812
410
773
7249
1032
3170
2693
497
311
1390
3993
9337
6383
2420
6796
2736
5152
3218
9486
3523
8035
6411
8433
6061
8703
4051
6790
6206
5277
5644
5357
3937
8983
6327
5491
539
5085
1751
2150
4346
5459
2504
2709
5301
4732
4032
1037
3734
6544
5441
5447
8438
7231
6845
304
3081
6824
1557
9134
1419
8791
2162
8415
8482
3354
8885
1597
8491
3817
4397
1178
6010
2697
6668
7993
6036
81
9523
9196
6429
3795
5619
8828
4595
7792
5985
4222
9335
4084
6057
532
4707
374
7041
5
420
1111
1395
5080
3562
2709
9836
9089
6548
8020
8197
2451
8082
2398
5623
3577
1586
7768
9163
3136
8797
3462
6575
9957
7720
556
4348
3763
2939
8161
4410
6992
6349
5189
560
6730
8913
1721
6427
4874
3409
7104
9751
216
8973
3832
8338
1747
7165
996
3356
9699
6566
7845
4613
4711
4926
7731
7232
1937
4406
5420
5714
9267
8397
1498
3761
1089
262
745
1829
7660
6672
7978
2885
1555
9721
8260
9467
187
3965
6337
7360
9126
5377
3907
53
8038
9821
9072
6622
3424
2391
7750
9354
9603
1756
5853
5131
4274
7944
9357
7246
7003
6906
6535
5367
2479
7794
1190
6438
3869
5599
6414
4789
9780
2391
121
9552
3120
2780
4155
5949
9861
7075
3183
5346
4486
5015
4176
1676
3954
3890
2007
8169
3599
1514
5668
8448
7805
6220
7310
3361
1427
2550
3493
2791
4677
1490
1302
2527
1965
8017
5375
1984
4292
8719
5776
5539
3913
1958
6254
771
7861
575
7463
3826
6824
5910
1291
5385
741
2412
3816
2856
6617
9868
3568
8385
2250
7093
3477
5353
885
8273
2088
4634
2902
8102
5925
6151
7547
2548
582
8285
3156
8122
9566
6291
1032
8539
6334
2458
2078
5077
1215
9060
7078
8192
3838
9231
1339
7162
2546
36
1208
2015
7633
3780
4820
6135
2676
6384
6715
9213
5028
8552
9677
7688
4211
2719
977
8310
1296
5595
4539
448
2143
8228
5386
9243
9079
940
6781
426
4226
4417
9568
5953
1900
5097
5218
1970
3597
8774
9814
7768
645
9058
4584
8340
1767
1476
9066
2855
430
5010
9905
8354
3962
9930
7966
8420
6461
3943
9057
4706
9346
5521
9098
4771
4268
5886
3173
1493
5893
8509
2777
8650
7871
7756
4151
9987
7908
5756
1135
5738
143
9022
3366
3683
5508
6374
5827
4849
6343
8471
4462
5000
8103
34
1607
3250
2139
8960
1482
1078
3172
5086
8214
9956
8518
6088
376
634
6307
8198
2655
9692
5503
5737
6186
749
1703
9361
2672
832
2824
7261
2628
2105
2771
4804
7375
3013
8735
9758
8220
751
3154
9257
8593
1332
4422
3639
7474
287
3154
7497
8868
406
5883
6636
8729
4245
9730
1974
1147
1300
5867
1224
2665
1963
552
9623
3349
9640
7232
2197
9325
93
9816
322
2533
5519
91
7647
846
8170
351
5281
2094
2887
4904
3713
3919
6534
1952
1815
6843
2969
9329
4262
4740
231
206
1047
6256
6645
9521
4324
7076
3436
740
4201
7016
8042
9519
8321
5636
5503
5010
4776
6804
5757
8571
4500
4711
8320
6756
5244
5634
8057
6073
2591
3102
6046
458
4575
8919
2321
4441
6995
9255
6962
6258
3838
4373
6419
3563
7848
81
7514
7420
3064
149
3381
5891
7869
8703
2085
817
1198
9890
6454
1283
6907
9594
6074
2325
9623
7005
1829
7662
5041
5740
3657
2937
4204
5264
4614
8662
742
1989
9375
6078
6175
6297
2434
3946
2101
1519
9895
7438
8791
14
7044
3072
4979
6752
311
3707
5538
8743
5132
3175
6037
5836
2922
5480
2761
112
3107
864
4918
5011
8702
7479
7493
9896
2646
3727
2305
1024
5152
5113
1297
9225
9785
683
31
617
7317
8525
661
89
5379
3327
187
87
2113
2001
2953
5506
2513
2335
2107
8870
2385
5553
4526
3314
4067
159
1850
6401
7614
2183
1765
9056
977
7948
8780
1462
8329
1500
431
2862
3443
5895
4425
7934
6647
1191
2023
7461
1159
9526
8115
2198
2861
2521
4228
2486
322
2517
1947
3499
4542
8743
6595
6154
8645
3865
4260
2444
8302
8773
9108
6049
1138
722
7975
8854
5322
9207
9307
7547
3705
4563
3518
3960
4713
171
1273
1680
5668
8716
7113
1494
4576
6273
1351
796
6120
2354
6450
1715
8559
3097
4283
5499
8863
9163
8447
6845
691
1867
5346
9851
7261
1916
3559
9624
5077
8703
8579
7817
6270
6658
3420
1204
9485
326
2708
6138
9649
2101
2469
8479
3270
4029
3597
494
9418
6977
68
971
1354
3688
8903
1408
2280
3114
5106
9010
5394
9035
5419
4321
8714
5808
4749
5124
3556
4331
741
2052
7629
1335
2082
1635
3628
492
3603
6096
6779
8673
870
6438
1963
3424
5751
8379
6706
9852
179
3160
4803
362
523
3667
5591
1355
683
3188
7415
5671
9968
6051
8903
5728
4809
4155
714
629
6584
8591
190
1802
3274
3130
8341
2523
3062
4875
9508
2945
6337
485
4314
9272
2174
3564
6541
5655
5760
6085
6753
3226
3517
3970
5223
5670
8739
3958
4492
8326
9710
2428
7304
2476
7411
385
5071
5699
6995
9170
7950
5630
4971
132
5526
5622
7421
1653
5886
515
7258
8216
4377
6876
6623
3035
882
7579
3570
1613
4422
8329
9541
5673
9698
1734
4904
83
2339
8765
593
6544
5095
9875
9935
1233
2620
9914
3299
1804
9117
6172
3081
5543
4274
4579
5521
1697
6156
9551
5920
7874
2825
1545
64
9813
1190
3800
6547
7345
6181
4395
8149
4423
8353
540
7220
972
3875
4433
1819
4489
8528
364
1939
9756
4499
3897
9126
7758
1735
5978
1804
7757
5564
7985
649
9280
2298
8497
4415
8888
1016
537
4682
9304
4653
5074
1641
5410
4272
8879
7409
4777
1489
1459
9712
6110
2249
8109
2161
4539
8771
1034
1029
525
1517
3745
3216
2801
141
4871
4453
7407
3030
5811
3131
7529
1741
4893
4457
4587
5381
5361
3163
8241
9514
5590
6354
7236
3198
5922
4625
4844
3941
5362
2181
2410
2001
5944
2453
7806
9053
7597
3282
9426
3442
3615
5952
6606
4088
7866
8535
2886
2246
3974
6986
6698
1756
3886
9018
9599
6042
7801
8398
2221
658
6113
3846
7107
2936
4339
8082
932
4078
1532
5336
7327
9871
7534
1442
4370
5421
6377
7008
9733
9422
2085
1583
9700
1605
9682
1198
5849
1298
1337
3338
7937
7022
3172
1370
3586
1741
2350
4969
4887
9226
897
5328
5648
1427
3605
1378
8936
3485
648
4751
5290
8872
7190
2061
9083
50
6971
421
8196
1893
7972
8134
7714
1101
4002
1047
7186
9940
5227
6519
6670
1427
3714
3488
7506
4113
3680
5489
2059
652
2380
208
6694
4567
6166
5677
541
8150
8188
75
4301
7857
4154
8597
6952
6606
9057
7789
5849
473
4544
6887
5231
5847
3493
8411
2454
6395
4367
1487
190
1299
2882
4723
267
671
7964
9802
4310
4697
6026
968
5386
6740
9442
6431
5449
4101
9118
5233
4775
7337
4378
672
5918
8660
3693
961
1057
9063
1110
6542
875
5123
9111
2344
3073
6113
5734
5604
3920
408
5952
2767
6204
4378
2686
9957
3216
9710
4777
5340
2688
1738
7061
4555
5851
1825
5099
6586
7597
6665
4137
6852
5968
4774
6303
3063
631
1478
9727
8927
8270
2591
8388
7895
5412
3029
1068
9977
9987
8509
4457
7296
9104
5419
1251
9762
5377
7696
6225
647
4619
119
2659
9615
6914
5656
1120
6852
6054
6374
6883
9278
4473
6110
5297
5890
6793
1879
555
1163
427
5550
3051
7846
1618
1501
8656
896
3528
6900
5627
2668
1346
5777
2481
8560
2648
9330
217
6109
2823
4746
4365
8091
1852
7678
340
6367
8236
4294
8490
3547
3549
9108
9903
7891
2294
9423
3655
8676
3218
2176
2577
6909
9795
5209
1071
6847
8985
7815
18
3121
7765
7013
9960
8981
7982
6895
3805
350
7681
4570
8650
1317
8571
6454
8861
7012
4361
5160
983
2424
5749
1777
3584
6431
5947
8938
4332
5536
4218
7548
6256
9453
1414
1272
2924
6162
6385
2015
2714
5954
2643
8298
1065
7826
1530
7142
7821
9434
9020
244
6610
9104
7702
4541
7502
2840
8030
4063
9709
278
5827
1299
7661
9705
4919
8413
2330
281
8032
4105
840
6727
9011
837
6107
3476
424
732
453
3067
3078
5374
6207
8504
8562
1711
6276
8766
2499
6030
9882
6343
7015
3107
9925
8314
3227
3017
47
4811
8734
7849
1475
2416
1612
2596
2025
1649
5531
9142
8546
6213
3161
9083
2110
386
2160
7900
7006
3108
2198
6372
5115
7940
4458
834
704
2309
5235
7147
5561
97
9529
4581
5403
1922
2433
2141
6064
9086
2641
3494
2874
290
105
7809
9775
423
769
4521
3042
2466
8697
1930
1946
9060
6231
6860
6683
257
9779
287
2274
4752
8376
9494
88
1383
159
1371
9137
847
5391
1948
79
2797
2589
5427
8737
5300
5332
2789
1799
4792
3939
9017
2082
256
516
3171
2188
3968
8802
7281
5933
8319
8790
649
6891
1311
4107
3896
2715
443
1943
7063
9573
9095
228
5695
1907
5208
5335
1623
879
4804
526
8410
8886
148
8008
8386
397
5871
4748
1752
8187
5663
8123
9351
9698
6626
8728
634
3378
4748
5122
3675
8169
5823
8466
4430
9417
3558
9932
5663
3772
6206
1062
6868
5998
8051
756
4194
5862
608
7626
9004
6256
7641
9444
4546
5119
8881
6767
2766
5894
7673
8441
1297
1671
6874
7159
7295
4892
3837
9604
2547
2867
248
844
6252
6627
2189
7400
1704
3719
6367
7773
4528
8083
4720
6639
8335
5626
5625
9329
340
187
363
3109
5376
6178
6813
170
8738
2375
9674
3458
8447
7126
229
5120
3937
9933
2319
3950
1742
46
5383
6200
1625
8375
2221
9373
6734
9712
4378
8383
6052
7149
4105
5113
2718
3369
9255
782
8321
7499
1620
4305
8352
5088
5078
5037
1719
9907
7483
2855
3473
7076
8701
5514
2863
3588
5447
8863
7039
2255
200
6574
2633
8766
1604
9962
8007
2523
157
8207
1105
1520
3843
1725
948
5492
6547
7853
578
512
4723
7417
2078
5954
1105
8986
8735
9363
3890
826
8175
4413
3494
4273
7091
7280
4358
2665
1508
528
9622
9672
672
5930
9731
5758
9706
1453
7193
8412
1145
2043
9466
2331
6165
9117
7113
7730
2990
8495
1383
3999
4891
7039
340
751
3681
1556
9096
4436
5892
4261
8592
9255
9003
811
6108
7769
9175
5561
4699
1761
81
240
2785
7203
4022
5418
2713
9732
9203
2640
3842
1053
3952
2414
7266
3127
6858
265
7067
6373
2904
7710
8641
9057
6944
4391
5848
7620
3157
8833
7866
6943
7590
511
8129
4466
6864
6507
4235
7357
8577
9944
175
9149
7750
5956
7622
3482
4045
406
9284
8073
5164
6126
8238
1661
5702
7230
5827
9767
2563
6793
7790
3907
9402
4120
1464
1703
3931
9869
9149
8996
6631
5033
6423
6051
9547
3929
3918
7292
8037
7393
1595
6335
2688
2741
2554
88
1195
6718
7959
1068
9466
4658
7824
415
799
8145
965
374
6575
438
4149
8151
1140
8426
9101
9750
6141
8213
1592
5741
8753
8655
1715
8287
3980
5124
7972
6682
3259
8559
9307
8085
497
151
5754
994
871
8712
475
2811
3049
9325
9467
7845
4586
1172
9638
2234
6411
7784
5097
8855
9389
3660
7093
944
4309
6721
2747
3732
7594
2110
9223
1408
2229
6143
2300
8399
3588
1272
6690
4274
6239
1119
530
2953
5151
1990
2082
8361
2420
3470
8712
9979
7722
1405
7646
904
7995
2760
2192
4261
1422
6668
8231
6663
7974
1612
2725
8373
3265
7469
5668
1493
2213
9232
9019
5959
159
167
9377
7986
6978
2595
9086
730
6880
6881
3703
8127
1895
9622
9328
3390
3297
7948
3430
5885
6911
9452
7539
2758
3532
750
8043
8446
2230
4720
3461
2828
292
5947
9504
1710
7541
7730
5354
8480
4233
6211
680
1527
5870
8422
4741
9335
4937
4101
7836
9206
9009
6595
2149
3088
5575
361
2987
7879
2510
6481
3038
1333
3334
3211
2778
3105
9186
5747
4972
2641
2897
7993
3340
1490
3872
6733
9407
8329
4948
1684
8860
395
5828
9715
3169
5229
3054
4155
1088
6175
7014
1292
104
2414
3543
4345
7123
5203
326
190
4435
1684
8082
7459
8041
6168
2094
7921
2892
1649
388
3903
9549
6841
6599
3799
4361
9096
9989
3336
5878
4869
2031
5113
889
7961
4046
6543
7802
2354
9476
9869
4853
722
6395
6785
2181
7779
2819
2600
853
6189
7559
6943
3054
2973
539
1755
2544
2087
421
3992
99
5032
27
3816
968
1619
6968
726
7804
6804
6408
5307
7221
2203
4061
178
42
4156
6168
9654
8389
533
9173
3957
4143
1591
915
4519
5444
8521
6646
1918
5958
8207
2474
2924
2577
9721
1471
6324
3616
7248
5002
2189
8596
5370
219
2185
1687
3220
1628
6452
6084
3878
2575
6352
3755
7679
8639
7195
9391
3013
8511
4056
8579
6174
2865
2802
8570
4833
1526
5800
1414
611
2602
7750
2081
8634
402
3371
42
6879
6151
7844
8156
9077
4236
3666
6085
4859
1935
4325
3915
8889
808
7268
7059
9139
5684
7053
1231
8736
519
6080
1126
2291
6875
3836
6861
2201
958
3468
5057
8097
8663
3784
9426
5632
1842
5036
6798
7629
1195
9725
5569
49
2854
8321
544
3118
6784
1274
7179
5894
2684
8103
729
1933
7643
6020
2165
3925
8482
1731
644
4985
2039
6825
2445
1892
6137
9596
5483
9662
9915
7515
5740
3721
788
5282
1792
5669
4335
5568
5757
5600
9275
5539
1175
8844
7415
3677
4437
5622
3917
6696
9981
523
9175
9900
8629
4633
6632
4666
3732
1562
2009
4772
2821
2080
6090
2826
8323
880
2269
4244
2141
8369
4921
616
2040
6986
3089
2993
2107
124
7582
3255
2439
1052
5053
7387
9470
9326
172
4959
4852
5492
4265
9275
5939
4359
9627
5178
81
6270
9650
6531
1997
8382
357
8470
1348
8411
1784
1463
2516
5039
6922
5124
709
9470
8385
3666
376
4093
9630
9538
1688
1970
9768
3385
6960
9289
8258
8043
6126
8077
2352
9041
2130
1232
7696
9914
7590
6231
889
5283
1785
5407
4097
1402
5440
7914
7147
1401
9363
9319
3587
9777
1905
4002
8409
859
3943
98
2115
3560
8340
6253
948
7965
7589
3066
1732
7348
9375
2192
3299
3324
9669
509
185
1819
4624
9658
367
7976
5254
8902
9638
7179
2499
9104
118
9879
4133
2699
8830
4984
3857
3052
4192
2481
5179
4359
2639
58
1515
7811
7086
9237
1491
9265
8872
3500
9545
9838
8456
5569
8710
1543
1327
1388
6947
9601
1943
1368
8853
8781
1271
334
2782
2730
74
1453
8351
637
4561
7165
7140
3094
1336
4260
3600
4479
2923
4751
9743
79
2299
8490
4994
7839
791
9899
25
7862
2454
7117
8047
7344
9548
2224
8521
6176
1833
2181
905
9025
3303
3469
1219
8030
5562
2046
7952
5364
7926
7058
4313
3563
8928
1810
1016
8587
6874
9257
6106
9992
4313
634
6659
2516
3920
3683
3263
5166
5986
706
8932
3476
7372
3465
1193
3292
2252
3041
6681
6785
1915
7053
6160
1623
5800
569
6606
2657
5893
9377
7063
5582
5698
2478
4685
545
4928
9681
5030
7441
9027
5659
1298
9901
5089
4279
626
7232
8468
5320
1851
7062
1895
3470
2388
5269
6496
5583
1652
2347
2196
5104
9636
6556
8594
902
247
5446
2295
3325
7309
937
8784
4126
5938
424
621
6732
378
6366
3113
3002
9555
8631
3068
3849
2946
1199
9534
6508
7144
4239
2085
6307
2456
9134
9449
9679
2148
2960
8623
4650
5582
7138
2104
4628
835
308
9683
7220
6218
2048
2952
9196
9938
6425
9234
3947
8437
7279
2213
9216
140
2683
4934
9380
3520
1094
7225
6700
1199
6891
3880
4210
9406
8323
9772
7021
3865
3735
1417
679
5117
1597
5821
2121
5027
8980
4653
9245
3009
1347
7073
4337
6686
5787
4357
3632
2178
9913
2033
4611
8923
8162
9826
6234
2845
8680
658
9423
4477
6819
8940
5188
8203
8386
5090
9111
2482
1570
7080
8241
4117
302
4292
2253
719
1652
6022
3794
7967
2198
6038
2683
2838
1498
7420
2816
6705
6884
5541
6621
6818
973
7725
5183
8145
1109
575
6465
3072
9849
3062
4511
3441
5588
2126
9603
2738
9194
9848
3382
8168
8964
356
9708
3837
3389
8033
1674
273
9681
176
6378
5688
4203
8261
8162
243
6181
8585
3891
1245
5742
164
3837
4992
2147
5854
8276
4720
5422
1892
83
4718
2505
6312
1005
4525
5163
7837
520
8892
1538
9182
8117
8902
9254
827
3617
5924
3312
6602
8703
2035
3176
8712
3303
815
7469
2932
5833
658
5650
8139
4445
3640
7696
5251
4749
1743
6788
8289
3
3084
6516
1500
8584
1343
2438
4574
1380
9055
5064
3895
6106
7473
5442
6462
6814
4361
2801
1253
6627
3780
9533
2743
7826
4401
1551
3903
6276
6733
3475
2259
1561
5927
6798
9010
4897
3307
7987
6351
7251
644
8233
3933
6706
731
2
300
750
873
8612
5483
614
9988
4307
6819
6623
3554
8256
9669
4097
3543
4227
8317
5021
1015
102
6610
1482
7667
5997
2111
681
6696
1602
9807
5137
3270
8041
6176
6586
7889
4523
438
1593
9912
6239
238
1479
1066
2565
6541
9272
5717
4990
9221
1309
8987
6428
2359
7677
1749
5919
4601
1074
9371
1955
3655
6368
2701
947
3003
3767
8069
5450
9222
1393
8269
9858
9831
2993
1004
7640
4400
6400
977
9640
3953
9655
76
2938
4693
3690
2093
9802
5481
9367
5189
7861
6418
1377
6982
7476
7168
4913
486
8301
9685
667
426
4319
7369
4493
8182
8801
5955
6163
6439
3711
2035
9103
2595
8265
5180
7393
7874
8831
8383
3275
8343
8691
6419
1984
9850
7989
3842
3030
8146
6596
3744
9068
9899
6785
8315
5966
3049
7985
7002
8809
3479
9386
6948
7504
8424
4551
8391
8909
9709
5994
617
2414
1972
1405
3786
5876
9896
822
9572
5469
8010
8279
3536
7027
7439
3290
9246
8819
109
8545
3868
9574
584
8428
5116
2764
4916
8342
4283
4557
8839
8405
2201
5114
4009
1918
2014
1117
1672
4216
2529
7252
927
2397
9616
5705
1839
8212
169
3052
1385
4115
4671
9161
4955
8992
9580
446
1060
8104
2941
4633
6548
4272
8667
266
2624
618
2593
9859
286
5438
2182
7412
1639
7437
5195
9628
793
5235
9103
5209
4257
9235
8288
7816
4062
3277
2819
9737
776
1351
6324
8834
9789
6088
8603
3637
5153
7688
1747
7023
4246
454
3560
7409
7995
6846
7233
3700
3100
3985
4382
3261
8854
7005
1515
1327
4777
6369
6939
4271
5776
6052
2941
8053
3446
1313
1449
6482
4743
8449
8768
2326
7800
6826
5626
9955
1699
4199
4098
2697
6168
8556
4798
810
2627
7194
4593
456
2530
5302
3220
2059
3812
1108
8868
3213
4690
5209
4491
9217
1544
4939
1558
608
7045
3344
7402
4880
369
804
266
5755
4047
2916
3002
4318
8649
8915
8239
7458
1204
3717
8216
2032
7252
1087
8148
2583
2580
9646
1104
8997
2949
2796
1444
576
3788
4444
3130
69
8910
8424
6291
1363
1499
4852
1718
2814
2192
7694
6682
2074
9480
6038
7931
6711
4634
4697
4272
682
9423
3445
555
1039
3835
7148
4998
3308
9060
684
2683
8838
4685
4654
801
5969
7282
8384
1134
5713
8159
8921
931
1445
9058
3822
4237
7331
2182
1466
5598
6174
9351
1014
6454
1243
5830
6434
4167
3945
4138
8225
8496
4511
7441
4358
4406
6225
6082
4572
4781
8617
3320
6269
1411
9777
435
7804
1664
6589
45
3269
411
4218
6190
173
5494
4017
8725
3951
274
2401
8749
4860
3905
3138
2884
1392
5661
1399
1413
1457
2369
8941
1983
306
9498
4896
9699
7876
4696
4280
4
4200
2385
3790
8582
6189
9423
7686
8531
1087
5132
8225
7769
8191
4284
1292
5210
5676
7623
3674
8974
8767
7484
7446
9897
911
3498
4418
4218
6762
4391
3766
281
479
4879
3226
2310
195
770
1795
4751
2311
4596
7411
755
6283
7566
9046
9940
1868
435
6486
5437
9057
5953
8222
110
4701
1984
1815
720
9456
3916
7970
7739
8080
3023
7678
4545
9345
6805
8978
9533
3573
3567
28
8326
6175
1644
6224
9428
9256
9909
3369
2505
31
1434
2572
6268
62
9292
6481
8575
2845
5234
9139
1097
779
1496
2029
1781
312
1568
4399
3206
4466
5019
7073
5786
9708
9448
8987
5219
2432
4522
4916
5139
9396
6704
9360
1508
6399
2651
182
42
3707
1840
3272
423
294
2476
7251
4822
7219
9157
4993
5872
1995
3513
7484
7860
1444
1938
4616
4481
6143
8662
2467
951
881
3122
3697
1220
8317
3603
2493
2835
8835
6290
8094
1245
1673
4065
4639
1365
1969
793
727
1539
2439
3014
6017
9988
5734
4789
3863
1086
6599
4542
6591
3946
2123
3334
1502
2684
9523
1958
5979
9258
4024
3219
1074
1325
9281
4703
3245
431
7093
1341
4989
7545
8025
8587
2574
1560
1188
3177
3416
1964
1215
4156
4204
1330
8203
888
3886
3859
3938
6183
5162
6022
7321
932
9654
5232
7543
1995
4729
7716
3176
5573
8724
5284
5240
6991
9215
2605
9743
7404
3932
1705
2595
4067
7063
4040
536
816
9393
795
9028
9138
6108
6594
8535
8359
7129
7539
9224
2415
4098
7524
6835
4010
9973
464
1879
1475
3390
9384
9914
7709
4206
9292
3324
5370
7172
3492
7073
9161
3504
7743
713
9075
4680
3568
9582
924
5154
9547
3774
2628
4578
6647
2636
9438
9155
7843
5276
4237
2364
3511
4657
3314
5195
115
8064
7590
7867
989
2726
2239
5648
9626
3578
8347
389
6709
3887
3533
6617
8445
9335
4087
5091
4582
532
5568
7425
9196
2124
5572
7955
2000
2789
4171
6802
8478
2923
6048
9616
9515
8254
4129
7002
4815
5146
3590
9924
7502
5436
312
3232
8601
907
8844
4412
855
4709
7935
499
4941
6894
4360
2944
6073
5442
1189
8925
8541
5340
9197
6174
334
9417
6666
1515
218
7518
3808
1324
6702
5550
8255
6021
4504
3278
9917
9514
640
9914
7603
2521
7832
6497
6283
8716
3020
8167
5669
3779
9722
756
5876
8427
625
8597
5269
5532
3110
7678
1437
4851
3676
5476
2063
5420
141
6254
5891
1440
3161
4415
8348
9916
5918
7844
3703
9037
9467
9931
6178
838
2157
2228
6096
3474
4332
7652
961
292
2334
6461
2400
9280
5289
5490
5100
615
6372
5864
7094
3338
8886
4237
7692
14
5812
9298
1786
19
167
3658
8233
2183
6588
8008
2434
8918
5866
4153
3794
1710
8343
8172
2077
573
1473
3930
3603
9367
7640
1686
8926
9608
9593
4997
6451
9071
1827
9975
2879
3497
2423
7046
7314
2287
2177
9947
8063
2688
8124
7032
4302
9408
7368
2799
9114
3597
7829
4901
4109
2019
5135
5296
3155
2325
5397
4233
5439
7614
9302
5125
6009
946
2026
3907
5451
2110
5255
7455
7159
8533
6033
7523
6400
1051
6359
6779
2939
7955
3675
8555
8773
4216
7955
2464
1903
8550
854
6822
7407
4923
2559
335
3939
4015
4642
2043
2854
2323
1430
3367
8741
8728
5403
6769
6107
5820
4514
6738
3740
3132
2273
3943
7445
381
7780
7992
6812
6594
1363
3515
1438
5006
4469
3990
9837
4166
8660
3184
2068
3863
3999
5102
901
6374
9670
1125
8122
3800
1117
7712
9685
7257
8007
8443
8200
4668
4829
818
7541
9062
9540
9478
4595
7552
3837
8496
1887
613
1966
2803
1786
4974
7429
5276
9150
1552
101
3075
6940
1844
239
2894
8972
2851
1707
2983
5086
7947
6672
8657
4485
2114
1943
521
6058
3277
3564
3831
441
3953
1572
1540
8956
1807
6932
4610
3448
9706
5154
9215
2176
5437
2414
8005
632
2399
9462
5350
4637
3344
9768
9728
4918
4879
1326
4250
1870
5606
3777
8737
6724
8031
6978
2434
4841
3400
4451
787
8597
9659
9425
1572
529
4724
8539
6097
6434
425
347
9349
4773
4586
4670
4293
4057
1037
2848
2301
1054
4295
6643
9060
7543
7965
3065
6310
1388
3129
3113
5870
9858
356
1966
4645
7235
8404
2226
33
9344
1108
4264
2523
1400
6999
5047
3746
3433
9064
8651
524
8403
1634
2294
4801
6218
5459
1094
9801
7609
6128
9730
9977
5891
4352
6394
7412
310
6992
4792
5997
1324
445
5380
3015
8071
9694
5721
9215
2571
3487
3331
3654
339
4272
4965
9731
3713
2530
9627
7560
660
2596
2926
7734
2935
9232
7066
8667
8469
6730
5304
9095
1991
5717
5228
2859
5552
2258
6559
1453
7190
6311
9603
6332
7093
6057
7779
6669
9648
8847
7644
506
764
7842
9002
1876
8388
49
4258
2458
9049
1125
3742
8435
6008
8546
5233
939
3183
6320
4676
9956
5616
4330
6013
3759
3442
2932
3983
9599
3692
8421
4076
4283
9224
6908
3306
1410
9136
3135
7718
8850
3726
3625
800
7518
1317
6451
362
1415
7328
2645
405
1276
2399
9835
2108
1574
1991
3724
3111
5935
4601
5741
7336
6269
316
1408
6597
5129
2125
8983
6027
5244
5136
9147
7097
7324
6924
5589
4655
5795
9045
5649
1063
3000
7798
2375
2055
1791
7524
7533
8897
6330
8267
2311
6421
4878
6900
9060
1533
9660
6283
1166
4449
6713
9567
8055
6374
7710
2492
8980
1734
6089
682
8585
865
8316
6968
5200
3019
6739
5446
6382
3154
1473
5000
7000
1726
7751
6160
6
691
5397
9215
480
8660
6478
5338
4596
5668
9774
176
3558
803
643
1771
5735
5770
1936
6697
9439
4865
3478
8578
9106
4907
1029
8638
5403
1768
9138
973
2999
9008
6208
5714
5374
5758
5809
4397
7569
4392
7854
5326
5894
3039
2695
8379
8277
9880
339
8691
7166
4896
9435
8203
7302
7172
6664
9553
5778
4357
2439
5405
729
6741
2537
6819
7679
3388
9171
3814
1314
9714
3240
4068
812
5822
9751
4344
3940
5708
7709
6166
7569
1332
8475
9962
179
6428
536
4407
3459
8188
3265
8027
6984
9608
7257
6225
2142
2001
3892
7736
7084
2789
1615
6699
7665
6077
703
6183
5708
5443
2436
4996
4499
5449
1128
9706
3247
7146
3773
2242
958
4507
1119
7648
9918
2517
5142
3024
198
6044
6813
3843
4312
5015
4487
4757
2565
7383
7867
5770
679
1222
3842
1184
2674
8521
920
3441
3920
6748
9369
7463
6445
6413
4001
2614
6753
3853
155
6766
5374
732
4041
1072
7716
9112
9553
4618
4042
4062
257
2807
7762
4863
4184
7768
1761
1890
3762
2838
9308
9532
5477
4132
1461
9829
2970
6500
5851
313
5234
2939
4875
9371
7402
7784
7523
3832
7025
4930
8145
7818
4199
2949
8811
3470
3422
2448
9435
8364
943
1545
3159
5924
9996
4740
3850
5440
2345
5253
5500
9168
4171
3857
9594
84
8549
5714
5623
3162
7937
8831
8718
6293
2184
4371
1766
5677
7215
2978
8954
4725
7690
5268
8830
8612
6398
2398
705
8565
3254
6553
6100
2195
7739
1614
8222
568
3566
8660
6181
3044
414
4466
9832
7464
1735
5602
8089
6806
4983
7231
3068
1583
6677
5304
7288
8209
7577
4292
2422
9779
3632
9366
3523
7130
3665
6764
6626
6864
429
5696
9219
5183
3850
959
22
22
1790
1090
3731
5120
4006
4378
6067
5154
2723
4792
1821
6585
9925
6483
776
9367
1612
2244
2871
8526
9054
492
6024
63
6955
125
9122
4422
1916
3762
1492
3392
6180
1081
8116
6159
3392
4225
7220
1654
5009
4683
8814
824
2150
6006
1402
2486
2395
8589
3610
5221
5718
1978
321
987
4110
8604
8121
5053
2297
562
1689
7926
6648
4314
5388
2688
7507
8982
7875
5375
2951
2367
5454
3296
5562
7398
4132
5449
5988
9092
7776
5338
286
4771
2046
988
4399
6317
9316
4940
5516
7558
4475
6791
1925
7552
6516
6355
6047
8763
75
8121
6677
3864
8049
5051
2739
5659
7678
5589
4522
3803
3948
551
604
3537
7271
4596
4701
377
9740
1911
3213
9131
2994
9372
7323
2488
7017
1571
8896
5885
6841
8730
3745
1070
6898
4248
4240
8165
2234
1767
5955
6208
4670
1025
4011
8666
7536
1914
6800
5733
9413
3576
5951
5395
8119
5898
2373
3853
6134
2667
1621
9604
7840
2120
3448
1800
9965
2907
1153
8359
6474
148
2881
1458
5795
6080
5480
1230
6567
2020
6241
7953
7171
6043
1763
6581
1904
9555
8911
1107
5823
9125
2694
26
6376
7161
8770
3032
5392
4042
3170
1348
8810
6069
1596
4611
3836
934
4423
1217
1869
9427
8605
8128
7427
2985
3571
7000
6704
8419
7532
5394
6434
8230
4311
2619
5342
9084
6302
2367
6647
8009
6620
7879
521
7582
9434
8607
7041
585
6638
574
9915
366
3542
8524
1690
1805
1875
8121
6446
433
6122
6131
6274
8756
6793
4941
6272
5411
2398
9717
2404
1079
3250
1766
9050
5153
3864
3539
9161
3415
4377
4734
7238
1636
609
7026
3287
5687
310
1539
1965
8271
6097
4674
2263
596
6148
1644
4532
5820
8916
10
464
6203
736
7053
4022
8914
7926
6884
8206
3391
1024
3890
3167
5985
2019
9771
9931
6977
6458
5918
3057
2932
5048
1608
1687
9113
5665
6577
6903
5702
4357
7930
9607
960
4362
5493
5164
4620
7391
6662
8064
5726
1920
9822
7081
8616
3168
9478
1183
1185
513
5554
3554
8952
1056
8948
581
3277
4375
8214
4582
1267
5314
1133
5934
9317
813
4283
5082
857
3559
9464
1683
5758
4992
6490
8323
5078
7643
9272
7515
4672
2088
7837
1924
621
2770
137
4417
4484
6670
2084
8828
3027
849
8221
5306
6593
1704
1682
2132
4217
2528
7737
1533
5573
9372
3282
7628
9298
7743
7496
2309
6321
568
2257
6770
4264
44
337
6857
6014
8022
4395
7345
9313
1465
3642
8545
7576
5631
8349
9776
5584
2793
5020
2882
2933
5257
619
549
3703
1146
5040
2746
7101
556
9820
3386
3486
7679
9758
4901
7605
676
4082
4699
8276
4129
4344
4565
5133
818
5076
3799
2008
6200
375
1430
9854
3524
8007
9715
8564
7953
938
8538
2409
9938
177
6734
4345
2654
3408
7181
832
7451
2687
4256
9493
9983
8278
8326
3713
6184
7642
2362
7102
1751
6683
9587
9559
8500
1930
6293
2309
4140
7319
1441
6742
4662
8310
5970
8550
9456
8011
7115
1000
1876
629
5715
2169
3184
3911
1715
2921
2792
8817
2283
1193
9482
1423
9298
3516
5970
5918
9017
5239
903
4340
3388
5255
5403
9760
5195
2855
5166
3226
1487
1002
6605
1517
2224
3025
4219
9060
2635
6282
6243
8676
6409
9292
4425
564
5603
2
9422
2978
5010
6431
1127
3628
3664
9537
1502
8167
6702
7282
8077
4889
9597
5475
3523
556
1175
4969
6865
932
611
7316
723
111
5947
9789
6140
9613
2309
7177
5542
4058
5819
6951
1565
6731
8435
559
293
9234
6648
4519
349
7048
7962
3824
6468
7666
380
5247
1842
6135
2820
1187
5761
1846
5931
4784
7609
2542
8747
5550
8141
6775
1326
2305
3362
4403
3484
7662
7144
112
9213
7322
5709
8413
144
5466
7524
8953
2943
9509
6250
9863
5512
9031
5770
5040
8608
6911
5524
4995
4721
3446
4082
6790
987
8217
8072
2063
7021
6030
5875
596
9937
2214
8746
9885
7901
3768
515
511
7620
8754
8821
7504
2776
8759
5795
6981
1034
8513
3480
4668
7294
4193
7054
8955
9357
264
7492
9812
8653
6667
1835
809
5976
7463
6118
263
1907
8537
608
3985
2695
4217
9204
8895
4519
695
2078
307
4118
8391
4396
1779
1915
928
6947
3619
9224
6803
5296
5576
75
2790
3593
279
9911
4252
3691
6725
8201
4628
7129
7437
1103
7336
7624
8778
2094
3424
4312
7044
7759
579
940
3111
9487
8066
3612
831
3063
4424
1639
5723
5333
1985
9666
3278
5973
5827
4102
9955
6559
3781
5697
3786
2817
3565
8347
1400
5385
2980
8614
947
4873
3502
3964
8195
6602
849
9713
9221
598
1547
5801
9618
1834
689
3935
1932
3922
3551
5875
1740
4068
9327
2334
7407
3748
6116
80
7990
6959
2876
7645
2676
9206
2058
7629
388
7708
1148
6739
514
6499
4978
4867
6162
2260
6809
4151
527
9789
9416
448
5031
6527
1908
6276
1612
2136
189
6284
9839
4051
3678
3335
1512
3227
6888
6311
3237
4532
8662
1623
9182
7248
4874
9283
8587
1883
6220
4116
8316
1096
5165
439
7509
2164
5522
6999
8185
4204
3348
9097
9136
4015
8929
9130
2691
8542
130
4464
532
5668
7942
6944
5513
326
1683
9526
6613
4609
115
5486
8423
2258
5317
5102
6437
5920
8283
9692
7036
7110
4871
3338
7217
2126
2442
6553
8932
1652
3010
787
2083
9350
753
7528
7753
2579
3611
1409
5847
2390
746
5286
1738
602
5404
433
9970
5566
5857
4773
4162
5921
1124
7108
8585
5038
7459
7536
6623
2584
7404
2844
8034
2968
5095
5041
6128
1111
650
9031
3118
9835
6416
3722
5763
7050
9991
8687
8937
9994
7447
5040
2249
8716
2530
4145
6556
1729
1128
7193
4377
7252
7587
9821
3489
1196
3142
9662
1643
7377
4484
7972
8600
4982
5635
3217
978
987
2436
2425
9521
443
8384
617
9858
6847
3047
6225
7355
8301
1461
9224
7496
9204
707
9361
7793
1762
7665
7086
4358
6797
2634
1610
4055
8528
1852
2390
4647
6149
9240
6105
2817
3241
6768
9251
9327
5737
2818
8464
1951
8968
2819
1422
257
4363
3501
7179
8615
4279
9361
9951
3583
1741
685
2621
3356
9914
3051
1555
9485
6008
6458
8100
4655
7772
6131
876
82
7679
161
7734
3693
9143
441
496
9087
2006
7672
1930
5727
1985
5314
7280
5676
8614
3141
5451
6270
9224
6611
231
4784
130
3198
9029
3589
4114
9232
7039
1089
9869
6575
8775
8256
9935
1664
702
209
5040
2
7554
1347
7910
3039
4760
614
1493
9
5959
370
1165
3885
9658
5240
5825
3076
68
224
5307
9825
6365
2783
3638
9587
2131
9012
4288
7220
5023
493
1293
8087
6245
6437
9369
8520
3962
9453
4948
5986
1495
7001
2504
601
5325
717
9367
9763
7513
1570
4876
3744
8878
7633
2975
8577
1722
3019
290
2431
7406
771
2953
8117
987
9372
2207
7626
3614
4496
3229
5459
4465
4343
5257
1120
5988
2563
4651
3789
974
3337
6254
104
1737
9174
4305
297
7316
6856
5981
396
9991
268
6529
4510
8418
5299
4524
7139
773
7260
9114
4270
4921
4295
3915
6270
5700
7226
6410
1021
7658
5457
1549
9350
2151
7429
3435
7273
6386
1031
5957
6465
4928
9360
377
6606
976
4929
1570
8611
3518
3237
1856
5906
2138
6236
5396
1087
1562
1210
442
6873
5208
6303
5827
8265
6816
9414
6776
7367
5565
1152
5586
2471
4176
6000
1658
3282
7974
8608
7551
1702
3684
8569
8547
6610
9022
8999
7911
9267
4187
8795
1563
5861
6255
4811
2697
6424
5052
5677
7544
5014
4822
7530
8714
7557
8430
7092
9821
2494
1387
1680
6972
940
570
9073
5610
551
4980
4642
241
4923
2833
7305
4787
8419
3106
6310
8530
9443
2351
9933
690
9674
7183
2891
7950
1012
7644
1368
3579
1593
7423
9757
1047
9973
1967
2354
6339
412
3323
8761
3773
3650
6108
7065
7566
4677
6826
3323
7792
191
5102
1288
201
8309
2478
7514
9829
6833
7280
9973
6395
9675
3756
8982
5246
9855
1970
2184
3131
7751
7246
8035
2621
3920
3176
8277
2000
6816
4612
1554
3770
3138
2380
4668
7285
9736
9605
3517
8300
8972
3372
4427
6762
6967
6727
4880
6873
600
4626
935
9258
9529
1630
2110
1627
3027
3922
9416
1882
5982
136
6349
7416
2654
5541
771
9042
3903
5697
9766
383
1962
4731
9765
2162
3236
4869
5119
7100
2636
1608
4041
8704
8656
8123
2256
4065
4469
7154
3872
13
1899
3520
1055
376
4718
1909
6690
3157
6693
5053
2061
8028
8996
5266
5737
2557
9528
1453
137
7575
7920
5919
2157
1750
1400
1723
4040
5794
11
5800
8362
8152
9275
7614
2152
797
7392
4639
8974
1707
9327
9743
183
4140
8452
5831
5843
1812
982
5742
8172
7076
2004
5187
123
8213
9393
7589
5421
1985
4983
3990
6042
7242
9623
3715
4656
4756
597
3325
6918
2465
1255
3945
2315
2998
3699
8844
2756
7199
1533
5390
6061
4774
4118
7153
122
6254
2982
516
4412
4250
255
2808
2405
1448
6975
3952
5419
7032
7558
7652
3670
4880
6158
4161
1036
810
1717
146
9510
828
5281
5696
1856
5273
5561
9054
1833
9793
757
1085
26
7712
3648
7324
5838
1391
2366
3264
9593
9011
5306
6347
5334
9415
4403
5798
9195
1519
535
9298
1964
4910
9418
1972
3994
3447
5069
8801
8519
2213
1944
6254
156
1556
4949
7180
4968
2689
1235
698
3468
1988
4275
4093
2578
5196
9212
3771
341
7496
1924
4055
7641
2763
7087
1756
6956
3492
6785
9851
5785
3732
4348
3679
1235
536
2127
6129
3581
5564
5839
9344
2866
5596
4230
8736
3713
8758
1667
1830
3590
6892
4700
6261
6839
1920
3209
8440
7433
4284
8980
4389
4201
795
1985
1116
382
8598
47
7781
9021
2395
6045
6699
2048
8316
285
7621
6251
7015
1333
4499
9754
3293
8004
8212
620
3038
4638
1593
5788
2098
2925
5885
5733
2866
2804
5515
9515
8905
1611
5263
5941
9551
9933
3019
3972
2319
1674
1714
9896
5427
2440
2176
1488
7036
748
8183
6910
1152
3049
106
4058
9754
8561
563
6025
1317
3948
8748
2384
4706
6372
2252
9746
5236
4179
4605
5633
2814
6365
5129
8088
9012
1307
5322
5841
5184
5459
1740
343
8739
5457
6119
9953
3254
8869
6342
7067
9999
1724
8028
4931
9795
2474
2088
5141
8090
4043
7180
8544
1822
440
363
4981
1202
3120
8575
6018
7984
3457
2117
9107
1621
2788
8669
7381
3623
370
2131
1733
6456
2097
123
3964
9545
6873
8867
8390
6020
6478
7498
8109
8494
583
4044
9433
7969
4010
3046
1953
6138
8506
295
387
4578
4036
5452
8333
7871
8287
5983
7453
9169
6842
1391
7639
7018
7846
6291
3312
3851
173
4679
9625
158
8342
9358
2482
4047
8360
6073
1536
770
1909
8294
5626
9301
6951
8501
3674
7214
2202
940
6027
8550
9972
3468
9248
9986
4245
4124
6604
749
8091
6302
6331
8693
5993
3185
1891
9632
3591
6763
3742
1972
9761
3227
5528
9157
9489
896
1906
4487
5774
1968
3254
4392
8282
2997
5107
709
5539
1281
3221
3862
9088
6695
1460
2570
2464
7109
3685
6172
7479
3013
5056
8449
3442
9887
1494
4981
8174
324
3909
6924
4356
8867
1076
8483
4248
8296
4307
3843
629
1824
6874
2139
1858
7315
7857
2198
3851
6946
3554
5981
1412
6650
9429
8023
2566
2473
7973
8635
715
9765
2023
4370
7618
8608
3214
9425
4296
844
1822
9607
2357
3538
8239
5727
9610
8114
1672
4529
7728
7510
9784
281
2537
3051
1033
8968
2025
4627
2247
284
7789
8373
4654
4516
6404
4324
3795
9506
871
8805
6617
3966
1043
8447
7671
3531
3962
4869
9320
6434
8228
1410
2070
7354
138
9952
7187
9143
4869
3437
8786
894
2100
6963
6234
5482
8111
2527
7114
957
7803
9616
4163
8460
5554
1551
4592
2277
3128
5539
7436
1283
5430
3952
7186
8219
9936
8524
370
7115
343
9476
3669
426
4612
7248
4557
5041
5438
4041
7506
2532
799
9405
7830
3159
6559
546
6371
3219
2158
4285
2337
2833
48
2127
4044
3007
4055
4876
5942
7742
169
4484
9259
4260
7950
2179
3661
4373
9497
6566
8091
5522
6228
230
2151
7473
3735
402
7075
651
6282
910
9231
2286
906
1290
3515
2675
5095
5808
144
7631
2800
1163
6711
2798
8381
9133
4879
5368
6010
2005
7252
1698
5667
9907
9458
698
8385
2819
8924
9294
2020
3847
7725
3689
8840
3621
5457
1278
7440
1595
6649
22
1388
2010
5595
499
7576
1295
4724
959
3888
3790
7468
6042
1333
5092
2965
5750
7302
3338
8881
7115
5783
856
7664
6508
9129
1931
7715
9382
4394
9713
171
8113
7896
9278
8311
1044
6312
214
9223
5507
8168
5977
2616
9159
8195
229
1890
1729
9185
1208
3594
6625
6605
3087
5968
2164
504
2335
4217
2341
1412
48
4672
4918
9489
1475
8882
4644
7792
6949
5873
6072
6640
4164
8300
9054
7454
3732
4794
65
3324
1000
3349
450
8524
8943
1866
6806
2430
7184
1279
9971
5914
395
5698
3128
4832
6718
7027
2980
2547
2774
5009
3769
2447
8424
3433
3085
5709
5763
2613
5987
831
4960
9450
9688
7666
3725
5500
5758
5409
5980
9340
4768
9276
3177
8194
5177
2220
9119
9160
3549
5403
5117
1715
8931
6353
7608
5866
2064
316
6359
1880
4595
3310
8422
3157
1791
2313
4184
4870
5091
1245
5833
161
4660
8778
5456
1398
128
4081
8132
2780
3452
8977
4386
6361
4889
4636
4937
6316
5725
1022
3404
4565
6828
3877
3943
681
1369
6510
199
1803
6188
8606
9235
4037
7147
3460
5287
3980
1151
6152
3624
130
2126
7572
782
5701
3542
1162
6135
1657
2098
9424
5300
4612
4840
3915
188
1238
1737
2338
3184
9487
8531
4176
1387
6376
2726
3571
2098
3429
9907
2827
2906
222
3633
4950
7603
6007
2322
9886
5593
5464
1804
4847
5494
1916
1849
5677
3206
5051
7437
7448
1959
8413
8240
8721
2240
6462
2422
7181
5720
9094
6159
4237
8425
5659
3786
6648
7200
7605
9229
1755
3839
1554
9201
1152
5286
5419
6635
1660
2311
659
3237
594
1250
1437
8548
7692
3971
3920
9325
9932
8841
1645
1952
5647
2674
3807
425
4811
9668
807
7580
8856
8651
2121
6203
10
7483
2372
7174
2044
4719
2665
1595
7421
2762
3896
9902
8062
3755
722
5436
4337
9
1190
1959
1238
6495
6576
6166
1642
82
6419
3764
454
6348
5404
1537
6319
4800
9542
9947
3936
989
9872
4470
2455
6052
1678
9352
4452
9738
6398
1922
8825
4296
4382
749
6614
1542
8374
4330
1897
3908
993
4363
7825
8222
9714
7569
5785
2840
1895
436
7565
2510
4962
865
8216
7893
1415
836
1826
4912
4231
411
8900
8988
4866
2024
1675
2230
8595
3879
6998
6991
6129
4006
7906
7203
8599
9082
6802
547
2655
573
2131
2146
6240
1955
368
3077
7553
6225
5304
9748
258
6767
1452
1574
6392
467
8593
2394
1970
309
2436
2287
1452
571
5494
4352
349
9099
7466
2205
5712
9735
6907
2807
9282
3688
2917
1071
7912
5241
4005
5573
5945
8603
6276
1112
7203
2782
9613
451
8042
1938
6359
6294
8254
9658
8537
481
6830
9706
9238
4534
1722
8649
9526
1719
1401
9839
2359
1244
2524
9993
1757
542
8922
6986
469
1410
59
6626
9326
316
127
1797
395
450
4780
9497
4499
2705
4821
8438
9022
7910
5619
6127
2232
7634
4139
226
7759
7150
4383
7239
3932
1478
1775
1751
3176
2179
6939
982
7401
9147
293
9186
3167
6673
7922
1297
6163
3482
7305
8528
1599
4144
4415
1692
3615
7740
2648
9674
9642
3539
3549
6601
1654
5765
2754
1748
5281
2619
2441
6324
2060
6744
6795
6540
6685
3147
1718
3687
39
124
5988
7553
9834
6997
9441
9900
9058
6813
9856
841
5751
885
1038
1802
3608
8844
2203
3693
4156
5475
4377
8417
8093
9152
5328
9253
7050
7533
4592
5736
3864
3574
8947
1063
4469
1159
7764
7866
4812
4593
1894
8233
3745
7468
3996
5178
313
5255
771
6221
9153
144
4850
3132
8259
8624
1727
3305
2433
319
2941
9342
247
9898
6729
4469
6233
3146
3222
1308
8060
9540
7738
5576
6132
8681
3170
6440
1751
9848
415
8037
173
5542
9874
1380
6634
9928
5357
4533
2636
3344
1042
4200
6383
4331
367
6179
9739
8743
5408
75
1147
3880
9842
7047
2931
4340
3593
4409
4361
852
5894
2967
2919
662
6734
1022
6795
7256
5303
7622
7740
7757
1826
8555
9500
5222
174
7897
9773
5676
5203
916
4580
2152
3680
1112
2327
9328
9811
1654
9685
2027
2616
9266
6104
2597
465
3275
4816
4450
484
4651
3614
3439
1962
8132
1524
9089
8677
8511
4110
2643
6782
6669
1234
2252
7381
4737
1379
5608
5154
3531
2829
7551
1621
3675
8014
2158
471
2595
3332
1841
2840
6078
3798
2031
7006
3570
6930
4912
2840
8833
2571
4438
6520
7747
2049
3827
7986
5573
1116
3875
7678
2249
666
344
6331
6403
7269
7813
7008
9747
8294
2970
7581
2566
6553
5952
3895
348
8644
9724
8174
2776
384
7760
2356
8775
7292
6801
3390
4539
9934
7522
3812
961
5445
9431
6823
7592
7893
9363
9178
4435
162
4256
319
9660
3188
1880
8063
7645
4739
4774
6586
6524
7742
7137
1692
5885
6744
3499
8567
3302
2118
1211
1180
5566
6208
1404
3780
8490
7809
4562
3723
5470
6268
6701
7420
9552
4031
9481
807
5585
3542
1304
4865
4127
3493
607
3507
2046
510
6419
2917
5267
4040
9489
423
466
8701
7647
8550
7158
5933
3864
6190
3468
4495
3672
8090
1226
8686
8107
684
543
265
984
9605
4082
8925
5865
2435
5253
2346
9930
4517
4390
132
7710
7842
2046
6899
8622
3187
2539
8501
6630
9835
7070
729
5382
8144
1591
4300
9870
2225
107
3790
679
4353
6480
1185
4969
4798
9014
1740
5665
8639
2630
3130
9089
6835
2266
9620
5980
9420
2828
6961
4013
5455
4659
8228
5552
2061
8705
9616
8272
1945
3093
7870
743
651
2621
2100
3652
8494
6494
9666
4565
631
5916
2108
4747
1423
9060
547
8066
2075
8580
8481
2084
6569
7594
1315
7897
4581
8310
5842
4559
1995
3888
903
3553
7037
3275
4739
2590
4610
8805
3601
2163
928
8598
9071
8519
7663
7545
4098
2800
9204
2158
5664
2764
3509
88
6418
3191
9244
7117
5527
743
1090
4122
9439
9725
514
8366
9311
519
9163
3338
4461
84
4564
7000
5069
6437
7564
4034
7988
6527
6862
9930
7968
987
8033
3832
8648
1447
3830
8557
3789
6167
6705
5880
6541
7373
4754
9205
1656
6293
6801
2188
614
3672
7337
5880
6489
9650
5928
562
4162
4678
7893
7213
8999
2779
1740
6090
9100
4637
8581
1246
1787
7444
1752
8442
9366
7178
5152
6631
7721
8093
4041
9666
781
3721
4470
5475
4202
1042
8809
6951
111
7118
5433
4333
7838
4024
563
6493
4229
577
6247
4994
9181
4289
7292
6971
1685
5717
915
9213
9365
807
3975
8940
2489
6171
6605
8823
4415
6769
1897
2083
1106
4223
8529
6314
3041
9688
1259
2798
8878
9125
150
6839
457
9096
6675
5202
956
8938
7212
4555
3222
2582
5960
2256
9360
6586
8579
1660
8186
8511
2910
1723
9557
4685
6685
9131
6623
100
3403
474
7445
3139
4760
4956
5193
645
9370
9549
1427
534
9290
3719
7849
2414
2539
7316
3632
4902
8652
4983
3312
8128
4150
2771
4002
5595
872
2140
3602
838
1829
4884
4944
6436
4237
3617
7419
2381
5170
1754
8533
4655
5718
9299
471
6410
402
2124
1323
5831
1995
6759
1412
3898
7530
4416
9531
8846
4842
5408
5575
7165
9978
7940
2630
8162
5104
8022
9188
9665
5213
1449
2439
2152
3530
5998
6215
3297
7076
7224
9604
5200
1429
3490
2706
4007
9629
4596
5091
4347
3211
6692
8818
7960
3610
9307
2264
484
7456
475
6688
6464
2645
9035
3612
5779
959
5601
2024
8138
4059
2124
8495
1824
956
2488
8575
9090
3472
3744
1726
4720
1904
2920
2520
4655
5957
2282
7664
9233
1392
9261
5728
7781
6274
4489
6194
7607
1079
7699
6136
519
939
2161
4511
7160
4323
1894
601
5832
1443
3566
6538
7405
3295
9827
3063
9280
3372
1915
8598
73
9948
4281
554
8570
8520
2829
2827
8854
5269
2758
3895
2106
9779
7303
8372
990
363
3141
2184
7291
5639
612
6682
9519
3398
1143
7952
5881
7644
7938
8771
3679
3516
7591
388
4316
7304
2735
9551
4110
8
5627
4192
3058
8425
4360
7729
6920
7000
1244
9898
447
639
5171
8273
8515
2616
6203
5573
4773
9087
6
3079
2570
602
7297
5280
3564
6558
628
6248
5924
65
3575
1475
271
8672
4266
7733
93
4107
799
112
8228
8179
5148
2937
1641
2472
4520
6334
8199
7699
5031
1523
8719
840
2861
636
997
3178
9762
9782
6072
144
7884
8454
1767
1542
5472
8980
9046
3786
1682
7275
1577
2852
5272
7750
7502
6239
2744
2839
8698
7505
3086
39
7883
2719
7903
3997
4076
4848
502
7871
9886
4379
598
1219
4676
8187
4336
6477
3584
6688
9071
5369
3333
6417
3970
5753
483
1385
5833
8319
286
9477
7994
782
6532
5222
3847
7459
7295
9926
753
489
5219
458
2942
646
8651
7175
8049
789
6403
94
2661
6073
8064
9779
5234
9001
3330
5643
228
5951
4153
7188
8515
2088
1657
4962
872
8572
2250
178
5587
2107
8928
4409
6658
5150
1568
4764
5604
4587
7442
3596
3354
1880
5792
1030
6726
5940
7763
3675
2957
3310
2464
7827
903
1982
6730
3655
8225
6509
1155
2408
4698
4549
8355
4779
6349
696
1054
6601
6738
4144
8222
344
5079
4468
9547
1628
1053
3023
6839
9437
6642
8782
9667
3451
5833
9377
8411
8340
1525
720
3680
6412
5303
9382
4666
7903
7790
887
4561
7484
9365
3835
7475
2941
3266
6584
7303
174
3939
4364
4434
9089
3837
5704
889
8122
2426
9643
3129
830
9641
9532
1445
8941
19
2030
7346
599
8109
951
3322
2786
6384
7689
9286
5449
1926
4566
5461
7502
6654
3777
5506
945
6448
1201
9871
8861
1506
9440
5631
7138
4071
6898
2346
1997
4562
8145
8246
4242
2984
231
843
8028
5735
8759
8485
3017
6652
8086
3671
1613
2672
1280
6669
8292
3603
5122
6560
8153
1111
7585
9697
2768
6278
9332
2093
8130
5156
911
4062
6118
5559
6672
1736
8755
5717
2597
9433
3024
6284
3735
3472
39
3187
6137
4504
3997
7725
1995
4363
8108
3526
6268
1238
454
6883
8584
3805
3742
5724
1840
817
4539
3067
7297
9660
4166
5788
6875
9627
6230
5359
3987
1307
2170
159
1595
9541
2976
8801
6629
496
7011
5077
1877
9792
2346
9373
7620
3752
7971
2890
2167
9733
9508
7207
7837
5643
5419
9823
2673
1967
7585
9050
7619
165
4065
864
8240
8744
5804
187
9875
7702
9199
2375
5023
179
4554
9955
4402
7269
9648
337
1306
4773
4842
6309
6452
5495
350
4513
1960
9931
4299
8292
42
568
2704
672
30
1346
8125
9933
9384
1999
4812
8246
6629
6237
9667
5340
1617
3943
5906
2986
5966
6604
9146
2543
4384
1841
1750
4982
7462
1680
7722
2646
9939
9844
6488
6598
229
4036
5349
6534
1719
3529
7484
5348
449
8664
6922
239
650
6452
5762
80
5389
4308
6032
1453
1771
96
7250
5870
8113
827
547
1455
8299
9367
2555
5715
5659
1914
9006
3443
3446
9865
4935
5079
2687
5516
7238
7923
3806
1001
1681
6773
3172
9279
8058
8735
318
1624
3031
4559
141
8283
7141
5459
2030
2780
1610
1907
5598
3090
655
8546
5021
2271
9822
7239
8709
3250
5750
8438
9237
3378
9628
3292
1683
987
4551
1541
2
8939
1317
5559
2068
8610
9048
7775
7596
2234
3978
3484
907
2239
7452
951
2789
5512
1823
6880
3222
3763
5481
4027
9054
4177
707
5336
4461
3073
3512
9236
288
1297
1127
3227
6716
2435
5918
8520
1404
6006
8720
9446
1674
2512
9342
9294
8585
9277
7125
590
6205
3001
3371
8411
3436
7455
7402
429
8270
9291
8181
992
5848
1093
420
520
9970
6076
4993
9038
8565
7381
474
3488
9526
3728
2263
3227
9280
342
6297
1334
5687
6547
7138
9232
347
1912
3587
7833
7880
1575
1941
8110
2083
6592
2293
4212
8660
5486
3860
3418
6512
1332
9575
4525
2873
4018
4017
9693
1002
8140
6363
9726
5896
6878
3898
4658
3050
4812
4862
9714
1145
9208
7871
3181
8665
1467
9229
6916
7256
8706
6087
4037
6159
9786
8866
6035
6035
7412
6196
7431
7436
4873
3743
7174
3051
348
3843
6174
4588
3425
6102
1214
7770
4272
1090
4619
3250
9195
6025
9251
1012
9837
9979
7513
5335
4139
3145
6323
1943
7399
7882
486
4337
1728
6565
400
4564
4302
1898
8312
549
9824
8107
9118
3662
7764
3826
2419
803
2579
5908
5629
1453
5117
4354
3276
2182
1019
3605
4981
1605
8238
3817
1116
7440
8865
4284
8926
9858
3951
2868
1251
2113
3252
5421
9671
6317
3182
4232
9890
4847
7045
1162
6463
4620
2430
6712
9102
2899
3789
2593
5452
7719
8366
7073
6883
616
9654
9217
6458
6633
5587
5365
1218
459
807
7386
4071
8041
620
1145
1921
1458
4524
1853
9870
2140
1630
7304
3629
7583
239
450
9768
1410
7939
8234
2376
8625
1446
6485
516
9937
3743
3050
2152
4713
815
459
878
2142
6288
183
8903
6399
7692
7704
1145
162
8
2566
1011
2515
1618
3718
1000
3406
1516
5534
915
2790
6093
8313
982
526
498
717
384
8196
4155
3043
5316
7774
2188
6450
5255
6181
5125
7745
7678
6138
4299
4229
8426
3664
7450
6791
6176
7092
5020
1511
1661
71
125
3781
5141
4752
6033
2839
7269
17
7296
9874
2467
4862
1993
840
2740
1916
7421
8801
1357
1450
1276
9332
1052
7134
4777
2249
7999
4550
5496
8584
6907
4746
5761
7261
2083
3677
2894
281
6193
9647
9442
7433
1717
7639
5694
6672
6938
9511
6779
4420
9495
5903
291
2975
4066
4181
4301
1725
5365
8555
1920
746
4652
6790
5724
2341
7116
3880
761
1034
3885
9211
6125
5560
3932
9283
9242
2380
984
2856
6597
8368
8610
5309
2389
3233
2335
8096
6624
2516
5050
9020
1194
4820
6696
3211
3006
385
5415
4058
5735
802
8477
17
8497
7525
2274
1090
3847
6717
3676
2683
2161
6426
8933
8244
9291
4086
9615
3197
274
3314
4529
7058
6262
8290
1061
1379
4
6693
9284
4442
39
9004
264
5576
484
6141
6345
4886
7312
3538
169
9525
311
7642
5868
2059
1995
80
3186
9068
8595
1278
3885
6673
9838
9117
2579
8498
6501
2819
2214
1656
3601
4295
8948
945
3464
8822
9012
4093
9185
7944
2260
9663
8020
8474
7498
2148
1403
9114
8754
9085
6606
348
1940
7164
2413
9841
5139
6958
119
8831
375
9788
9676
8659
6381
4059
5844
8430
3735
3167
7640
9423
2572
1473
9496
9994
7553
8841
9711
1174
1361
6965
1999
9805
9627
4170
5718
5047
4387
3219
5689
5883
3757
4598
5990
1500
3973
1521
7066
8450
5803
2031
8676
3786
31
9397
8348
2888
7368
6833
2151
3401
2583
7358
488
5013
2405
5761
7199
5164
5621
8212
5282
6489
2398
5071
4343
3235
6901
49
5609
6098
3388
7241
1612
2264
4990
3925
444
5522
139
1453
7219
6267
14
4849
9730
1406
7177
3145
4926
9704
702
3535
8365
780
6247
8878
1220
8818
8527
9819
1336
3852
4306
4797
6240
6151
4282
9969
8247
6720
256
3480
2728
4164
3142
1672
2352
5936
1257
1565
1422
2236
8617
9631
7527
9889
3380
7890
3704
7271
9514
2272
4115
4634
2381
9205
9170
1454
1511
5817
1268
4105
6273
4681
6591
32
7705
4990
5663
8301
6283
5716
4641
504
7522
6893
9087
1726
4393
3052
3039
187
4741
3605
4832
932
4819
5607
4573
4257
7242
7506
3288
7205
1364
2624
3373
8679
853
5399
7148
4431
3457
8975
4847
9642
3891
1143
6968
222
8401
2617
409
7555
6992
4373
4117
3175
5039
2165
5995
5798
9426
242
6350
5057
6706
2304
2118
1326
1900
5657
373
801
9557
50
3122
408
4373
8562
9007
4913
6852
5123
5958
5165
9134
8729
8399
3071
7599
6008
8808
8700
956
3281
8462
4217
2275
1603
7713
8685
5437
4544
8379
2394
8697
6176
9880
4300
6695
8913
9431
4354
2519
6142
3037
9225
8009
7188
5778
1072
9444
993
1544
8147
6633
5217
7164
1800
9473
4497
4067
9471
1003
5388
6380
7689
5535
3626
3000
4732
7347
4649
2626
7571
3296
9041
5223
5567
3030
1151
455
3856
8648
4715
8106
1235
9697
3341
3855
3682
4905
661
4528
9833
7692
6639
8416
9319
7525
7990
8521
7624
4637
9681
9137
2874
8562
1119
1557
532
250
950
6907
1036
8840
7930
2604
167
6233
8190
5002
2899
9128
7337
4612
1855
7376
6292
2015
9862
3956
4547
9938
6783
691
1288
9172
9717
326
1896
6185
1771
5621
1620
1569
8469
6921
1484
9323
2345
2911
6746
6034
1724
4445
6621
5156
2179
5541
4673
1036
5476
1083
2573
9479
260
5472
5795
7925
6729
2838
9142
5203
328
3270
50
4596
6773
6036
2155
65
9759
1991
6797
4878
6484
3656
4108
9595
7615
1595
5256
9386
8349
4640
7045
1160
5542
6383
197
2585
3633
6399
872
4197
3492
4744
8726
2552
8169
6428
4736
4887
9041
9302
6023
5843
8142
9404
9031
9936
2951
6297
3849
9856
948
4994
8113
309
3010
6666
9983
7248
6371
2364
3602
9521
5683
6856
3376
4212
555
6459
5604
2287
5863
3928
141
8658
2451
5166
5523
8441
5105
6432
1280
5573
3717
9524
1329
4310
1098
4569
4305
32
3670
2828
3201
1534
3368
8164
7029
9861
5223
8924
9903
8020
8442
4550
7770
1485
2490
7844
7475
1047
3435
1976
1292
9316
6861
2748
6261
555
4095
9163
2796
4166
5265
202
2751
9379
592
7496
2090
6434
438
4692
154
9401
98
9716
4584
9748
4798
7689
7266
1415
3441
452
3448
8784
7374
1219
2778
9675
5932
8640
7510
521
4536
9402
9143
1469
81
1601
4445
6934
1365
8526
4009
7806
9379
7899
8302
2930
2975
3720
765
2389
9850
49
754
2746
3653
6209
2546
1943
5390
378
1971
6007
5101
4310
8032
5397
2308
7242
991
2280
1155
4196
6171
5446
5758
7488
2664
2359
3700
6201
8820
7938
1814
1704
1455
3652
2064
9060
8941
7134
8732
1056
9363
1949
9777
9096
3820
1742
6523
2511
5864
9316
2244
4301
7861
4232
3856
5622
9614
5312
658
7367
640
9825
1682
2725
5437
1418
5614
3409
7593
2647
6899
1509
9117
3455
2196
616
2565
1370
1727
117
5266
4483
9607
443
5435
3355
2028
8837
8624
3362
4914
4160
2055
5034
479
2278
3587
7034
2513
9707
3509
1053
560
8720
6796
2854
8990
4838
6811
7122
8517
6492
9665
5445
7416
456
2890
5403
4485
60
8023
5767
9552
8566
5806
2964
7814
3595
8533
6759
6310
8541
9552
2815
5230
657
8571
7648
7591
1277
94
8149
5174
2982
5503
9536
8672
887
5332
7535
5518
5702
4522
1627
1746
3087
2154
5987
7003
7581
678
2690
6924
900
3285
7689
2646
3382
2066
5253
2071
8343
4317
8827
5694
8444
8110
5051
3365
9411
7584
7571
6578
9173
9979
8042
8626
2950
1870
9893
9866
9149
8423
9602
461
7633
2369
9570
8758
9663
4384
7074
1606
6395
7974
5956
1002
1527
8993
6562
8414
196
8437
4333
7463
4443
8981
4692
7462
1785
3835
5581
112
6851
8528
9506
827
6340
7749
7342
9036
1372
5580
6438
1625
1779
3300
8251
308
9450
8755
862
3029
1336
3242
3745
7032
1864
2932
8985
3095
